0.00000
0.00232
0.00743
0.00430
0.00465
0.00469
0.00580
0.00527
-0.00199
-0.00129
-0.00765
-0.00825
-0.01622
-0.01615
-0.01995
-0.02052
-0.01848
-0.01622
-0.01785
-0.01629
-0.01037
-0.00278
-0.00063
0.00086
0.00900
0.00859
0.01300
0.01266
0.01188
0.01469
0.01159
0.01112
0.00919
0.00571
0.00150
0.00049
-0.00231
-0.00328
-0.00450
-0.00666
-0.00533
-0.00370
-0.00075
-0.00416
-0.00132
0.00063
0.00274
0.00405
0.00186
0.00319
0.00245
0.00554
0.00387
-0.00125
0.00029
0.00060
-0.00031
-0.00024
-0.00177
0.00010
-0.00101
-0.00123
-0.00160
0.00274
0.00088
-0.00284
0.00062
0.00076
0.00346
-0.00083
-0.00139
-0.00141
-0.00539
-0.00384
-0.00254
-0.00589
-0.00679
-0.00604
-0.00623
-0.00695
-0.00391
-0.00620
-0.00198
-0.00031
0.00352
0.00371
0.00523
0.00546
0.00669
0.00764
0.00792
0.00654
0.00730
0.00462
0.00181
0.00177
-0.00238
-0.00094
-0.00359
-0.00353
-0.00305
-0.00413
-0.00537
-0.00476
-0.00418
-0.00224
-0.00421
-0.00109
0.00034
0.00083
0.00267
0.00403
0.00396
0.00408
0.00190
0.00333
0.00120
0.00150
0.00026
0.00049
0.00040
-0.00400
-0.00118
-0.00665
-0.01058
-0.00617
-0.00989
-0.01263
-0.01639
-0.01825
-0.01799
-0.02000
-0.01785
-0.01581
-0.01257
-0.01131
-0.00664
-0.00133
0.00641
0.01061
0.01746
0.01718
0.02398
0.01901
0.02384
0.01967
0.01370
0.00834
0.00279
-0.00404
-0.01084
-0.01902
-0.02596
-0.02717
-0.02973
-0.02725
-0.02871
-0.02332
-0.01416
-0.00929
-0.00225
0.00655
0.01342
0.02147
0.03258
0.03867
0.04294
0.04649
0.05071
0.05362
0.05521
0.05599
0.05265
0.04991
0.04565
0.03429
0.02450
0.01146
0.00387
-0.01166
-0.02244
-0.03667
-0.04225
-0.04336
-0.04212
-0.03762
-0.02366
-0.01084
0.00595
0.02959
0.04880
0.06598
0.08922
0.10063
0.11161
0.11506
0.10907
0.10466
0.08983
0.06986
0.05048
0.02716
0.00513
-0.01413
-0.03430
-0.04780
-0.05782
-0.06105
-0.05970
-0.04966
-0.03744
-0.02473
-0.00224
0.01845
0.03922
0.05279
0.06745
0.07870
0.08485
0.08699
0.08043
0.06987
0.06240
0.04664
0.03647
0.01831
0.00125
-0.01340
-0.02015
-0.02950
-0.03433
-0.03736
-0.03328
-0.02798
-0.02058
-0.01126
-0.00203
0.00322
0.01438
0.02306
0.02866
0.03387
0.03421
0.03447
0.03275
0.02726
0.02429
0.01644
0.00813
0.00584
0.00218
-0.00035
-0.00305
-0.00632
-0.00465
-0.00205
0.00041
0.00007
0.00344
0.00484
0.00665
0.00865
0.00496
0.00261
0.00104
-0.00033
-0.00156
-0.00303
-0.01111
-0.00976
-0.00934
-0.00713
-0.00541
-0.00466
0.00233
0.00338
0.00950
0.01251
0.01522
0.01406
0.01898
0.01613
0.01553
0.00667
0.00864
0.00204
-0.00123
-0.00827
-0.00938
-0.01367
-0.01113
-0.01278
-0.01330
-0.01080
-0.00545
0.00120
0.00475
0.01281
0.01867
0.02505
0.02974
0.03206
0.03243
0.03243
0.02928
0.02659
0.02139
0.01619
0.00883
0.00512
-0.00321
-0.00726
-0.01028
-0.01347
-0.01620
-0.01695
-0.01462
-0.01093
-0.00787
-0.00443
0.00169
0.00132
0.00424
0.00978
0.01224
0.01383
0.01441
0.01502
0.01276
0.00960
0.00953
0.00413
0.00410
0.00301
-0.00114
-0.00368
-0.00411
-0.00456
-0.00403
-0.00295
-0.00491
-0.00271
0.00086
-0.00028
-0.00013
0.00039
-0.00054
-0.00017
0.00075
-0.00294
-0.00315
-0.00127
-0.00350
-0.00576
-0.00764
-0.00865
-0.00799
-0.01107
-0.00908
-0.00823
-0.00743
-0.00957
-0.00826
-0.00720
-0.00640
-0.00766
-0.01008
-0.00996
-0.00541
-0.00794
-0.00933
-0.00821
-0.00906
-0.00670
-0.00743
-0.00704
-0.00665
-0.00376
-0.00356
-0.00437
-0.00218
0.00158
0.00189
0.00122
0.00305
0.00440
0.00168
0.00138
0.00132
0.00072
-0.00043
-0.00101
-0.00031
-0.00082
-0.00444
-0.00465
-0.00635
-0.00352
-0.00266
-0.00146
-0.00441
-0.00629
-0.00371
-0.00145
-0.00340
0.00039
-0.00052
0.00087
0.00252
0.00519
0.00168
0.00071
0.00177
-0.00072
0.00174
0.00027
0.00116
-0.00057
0.00108
0.00132
-0.00054
-0.00290
-0.00634
-0.00276
-0.00186
-0.00573
-0.00755
-0.00292
-0.00654
-0.00589
-0.00197
-0.00158
-0.00300
-0.00242
-0.00020
0.00162
0.00240
0.00390
0.00263
0.00150
0.00341
0.00058
0.00129
0.00408
0.00093
0.00116
0.00227
-0.00022
0.00008
-0.00032
0.00220
0.00014
-0.00290
-0.00381
-0.00348
-0.00341
-0.00358
-0.00769
-0.00714
-0.00112
-0.00455
-0.00158
0.00031
0.00280
0.00662
0.01415
0.01588
0.01848
0.02464
0.02636
0.02925
0.02301
0.02275
0.01525
0.00912
0.00586
-0.00232
-0.01273
-0.02276
-0.03171
-0.03079
-0.02929
-0.02681
-0.02475
-0.01641
-0.00369
0.01191
0.02400
0.03318
0.04324
0.05348
0.05762
0.06024
0.05266
0.04826
0.04006
0.02555
0.01153
-0.00539
-0.01771
-0.02964
-0.04027
-0.04851
-0.04784
-0.04567
-0.04330
-0.03503
-0.02065
-0.00997
0.00291
0.01670
0.02780
0.03521
0.04263
0.04446
0.04400
0.04005
0.03261
0.02579
0.02108
0.01619
0.00452
-0.00283
-0.00717
-0.01018
-0.01428
-0.01695
-0.01790
-0.01815
-0.01212
-0.01252
-0.01015
-0.00929
-0.00514
-0.00431
-0.00059
-0.00138
0.00052
0.00092
0.00332
0.00803
0.00883
0.00765
0.01287
0.01770
0.01885
0.01708
0.01237
0.01372
0.01713
0.01493
0.00670
0.00185
0.00180
-0.00276
-0.00471
-0.01105
-0.01588
-0.01329
-0.01567
-0.01562
-0.01627
-0.01445
-0.01176
-0.00299
0.00007
-0.00047
0.00619
0.00707
0.00987
0.01019
0.01065
0.01455
0.01106
0.01003
0.00646
0.00597
0.00246
0.00034
-0.00239
-0.00451
-0.00742
-0.00702
-0.00749
-0.01362
-0.01382
-0.01167
-0.00797
-0.01061
-0.01072
-0.00814
-0.00425
-0.00346
-0.00366
-0.00035
-0.00001
0.00444
0.00533
0.00755
0.00761
0.00746
0.00666
0.00700
0.00591
0.00617
0.00410
0.00381
0.00120
-0.00133
-0.00336
-0.00480
-0.00683
-0.00765
-0.00725
-0.00673
-0.00658
-0.00874
-0.00493
-0.00474
-0.00008
0.00178
0.00123
0.00610
0.00577
0.00977
0.00655
0.01006
0.00841
0.00951
0.00876
0.00417
0.00325
0.00460
-0.00205
-0.00222
-0.00388
-0.00434
-0.00189
-0.00791
-0.00690
-0.00645
-0.00505
-0.00721
-0.00450
-0.00302
-0.00191
-0.00411
-0.00320
-0.00038
0.00275
0.00551
0.00369
0.00156
0.00295
0.00609
0.00877
0.00620
-0.00130
0.00227
0.00052
0.00046
-0.00251
-0.00757
-0.00472
-0.00415
-0.00695
-0.00621
-0.00812
-0.00578
-0.00588
-0.00661
-0.00436
-0.00532
-0.00202
0.00021
0.00268
0.00350
0.00572
0.00560
0.00474
0.00354
0.00689
0.00431
0.00368
0.00161
0.00170
-0.00135
0.00235
0.00151
-0.00197
-0.00099
-0.00186
0.00087
0.00306
-0.00193
0.00162
-0.00142
0.00004
-0.00153
-0.00030
0.00071
0.00303
0.00024
-0.00112
-0.00056
0.00074
-0.00135
-0.00260
0.00077
-0.00283
-0.00310
-0.00524
-0.00615
-0.00554
-0.00750
-0.00542
-0.00552
-0.00509
-0.00653
-0.00234
-0.00382
-0.00577
-0.00568
0.00073
-0.00223
-0.00035
-0.00185
0.00186
0.00033
0.00163
0.00277
-0.00154
0.00029
0.00007
0.00131
-0.00329
-0.00072
0.00081
-0.00049
0.00138
0.00064
0.00037
-0.00191
0.00321
-0.00069
0.00092
0.00032
-0.00006
0.00176
-0.00331
-0.00146
-0.00278
-0.00189
-0.00346
-0.00420
-0.00261
-0.00257
-0.00329
-0.00246
-0.00148
-0.00235
-0.00115
0.00085
0.00138
0.00282
0.00158
0.00086
0.00247
0.00084
0.00266
-0.00295
0.00142
-0.00423
-0.00277
-0.00340
-0.00232
-0.00720
-0.00434
-0.00533
-0.00366
-0.00402
-0.00470
-0.00498
-0.00363
-0.00110
0.00250
0.00159
0.00468
0.00857
0.00831
0.00818
0.00877
0.00370
0.00089
0.00105
-0.00292
-0.00579
-0.00945
-0.01120
-0.00992
-0.01409
-0.01480
-0.01210
-0.00582
-0.00715
-0.00399
0.00079
0.00589
0.00892
0.01070
0.01074
0.01454
0.01439
0.01191
0.00863
0.00774
0.00364
-0.00007
-0.00399
-0.00481
-0.00814
-0.00937
-0.00530
-0.00401
-0.00605
-0.00079
-0.00072
-0.00103
0.00261
0.00251
0.00014
0.00347
0.00205
-0.00118
-0.00219
-0.00162
-0.00033
-0.00196
-0.00022
0.00299
0.00130
0.00111
0.00376
0.00668
0.00961
0.00575
0.00130
0.00116
0.00403
0.00061
-0.00451
-0.01082
-0.01143
-0.01304
-0.01185
-0.01705
-0.01306
-0.01301
-0.00714
-0.00273
-0.00068
0.00063
0.00499
0.01054
0.01527
0.01389
0.01717
0.01609
0.01614
0.01475
0.00672
0.00617
0.00080
0.00034
-0.00400
-0.00572
-0.01331
-0.01064
-0.01351
-0.01261
-0.01037
-0.01164
-0.00821
-0.00348
-0.00534
-0.00188
0.00010
-0.00038
0.00478
0.00359
0.00855
0.00768
0.00761
0.00688
0.00630
0.00978
0.00404
0.00077
-0.00180
0.00073
-0.00013
-0.00238
-0.00379
-0.00107
-0.00269
-0.00376
-0.00106
-0.00152
0.00293
0.00123
0.00171
0.00119
0.00287
0.00427
0.00269
0.00495
0.00596
0.00313
0.00167
0.00420
0.00441
0.00283
0.00237
0.00133
0.00113
0.00008
-0.00292
-0.00064
-0.00148
0.00076
-0.00398
-0.00188
0.00514
-0.00136
0.00014
-0.00003
-0.00013
-0.00014
-0.00082
0.00016
-0.00228
-0.00110
0.00016
0.00065
0.00322
0.00152
-0.00044
0.00213
0.00105
-0.00068
0.00414
0.00193
0.00099
0.00102
0.00092
-0.00009
-0.00220
0.00067
-0.00145
-0.00216
-0.00287
-0.00195
-0.00571
-0.00085
-0.00405
-0.00240
-0.00342
-0.00178
0.00032
-0.00252
-0.00419
-0.00154
-0.00058
0.00293
0.00287
0.00165
0.00166
0.00232
-0.00257
0.00140
-0.00186
-0.00205
-0.00475
-0.00446
-0.00378
-0.00399
-0.00570
-0.00629
-0.00985
-0.00648
-0.00107
-0.00492
-0.00691
-0.00774
-0.00381
0.00020
-0.00261
-0.00273
0.00004
-0.00063
0.00326
-0.00111
0.00036
-0.00071
0.00166
0.00120
-0.00100
0.00058
-0.00116
0.00059
-0.00307
-0.00483
-0.00349
0.00087
-0.00185
0.00025
-0.00054
0.00263
0.00079
0.00108
0.00127
-0.00287
0.00190
0.00129
0.00243
-0.00078
-0.00116
-0.00343
0.00106
-0.00129
0.00322
-0.00132
-0.00150
0.00029
-0.00046
0.00015
0.00034
0.00150
0.00252
0.00122
0.00379
0.00224
0.00197
0.00047
0.00005
0.00092
0.00347
-0.00000
0.00012
0.00122
0.00022
-0.00020
0.00208
-0.00025
-0.00058
0.00069
-0.00135
0.00011
-0.00153
-0.00286
-0.00299
0.00018
0.00197
0.00216
-0.00114
-0.00173
0.00210
0.00194
0.00000
-0.00362
-0.00363
-0.00251
0.00113
-0.00021
-0.00182
-0.00150
0.00054
0.00052
-0.00468
-0.00104
-0.00367
-0.00166
-0.00161
0.00047
0.00076
0.00308
0.00161
0.00135
0.00181
0.00287
0.00414
0.00361
0.00548
0.00406
0.00523
0.00759
0.00375
0.00410
0.00674
0.01086
0.00987
0.01046
0.00653
0.00667
0.00829
0.00799
0.01085
0.00788
0.00838
0.01035
0.01197
0.00935
0.00959
0.01369
0.01294
0.01064
0.01359
0.01118
0.01322
0.00990
0.01042
0.00798
0.00487
0.00709
0.00485
0.00473
0.00044
-0.00002
-0.00167
0.00212
-0.00029
0.00020
-0.00264
0.00172
0.00019
0.00048
-0.00070
-0.00001
-0.00001
0.00160
-0.00080
-0.00162
-0.00369
-0.00434
-0.00810
-0.00880
-0.00796
-0.00832
-0.01159
-0.00802
-0.00804
-0.00420
-0.00228
0.00063
0.00223
0.00595
0.00859
0.01097
0.01279
0.00896
0.00411
-0.00171
-0.00920
-0.01695
-0.02354
-0.02926
-0.02658
-0.02559
-0.01166
0.00781
0.02835
0.05048
0.07171
0.08651
0.09484
0.08779
0.07609
0.04793
0.01302
-0.02917
-0.08017
-0.12599
-0.16362
-0.19226
-0.20661
-0.19718
-0.17416
-0.13005
-0.06795
0.01194
0.09392
0.17429
0.24684
0.30719
0.33403
0.33566
0.30558
0.24550
0.15740
0.05980
-0.05411
-0.16822
-0.26814
-0.34787
-0.40241
-0.42115
-0.40559
-0.36004
-0.27630
-0.16485
-0.04012
0.08492
0.20635
0.30728
0.37940
0.42292
0.42694
0.39586
0.33498
0.24980
0.14671
0.03233
-0.07546
-0.17754
-0.25852
-0.30981
-0.33519
-0.33387
-0.31054
-0.25752
-0.19109
-0.11026
-0.02713
0.05361
0.12375
0.17380
0.20515
0.21680
0.20866
0.18203
0.14290
0.09867
0.05126
0.00595
-0.03665
-0.06725
-0.08783
-0.09861
-0.09088
-0.08474
-0.06619
-0.03844
-0.01717
0.00301
0.02040
0.03290
0.03421
0.03613
0.02456
0.01031
-0.00154
-0.01347
-0.03079
-0.03693
-0.04328
-0.03863
-0.03058
-0.02175
-0.00901
0.00861
0.02704
0.04416
0.05838
0.06238
0.06744
0.06455
0.06013
0.04857
0.02977
0.00885
-0.00921
-0.02929
-0.04440
-0.05342
-0.06237
-0.06354
-0.05882
-0.05171
-0.03841
-0.02633
-0.01014
0.00674
0.02101
0.03479
0.03998
0.04487
0.05166
0.04547
0.04199
0.02903
0.02158
0.00876
0.00195
-0.01233
-0.01778
-0.02740
-0.03109
-0.03238
-0.03189
-0.03132
-0.02375
-0.01609
-0.01233
-0.00675
-0.00185
0.00457
0.00662
0.00651
0.00965
0.00660
0.00951
0.00760
0.00267
0.00174
0.00042
-0.00148
-0.00285
-0.00449
-0.00658
-0.00471
-0.00117
-0.00496
-0.00171
-0.00016
0.00079
0.00446
0.00169
-0.00069
0.00225
0.00072
0.00042
-0.00132
-0.00288
-0.00147
-0.00206
-0.00723
-0.00338
-0.00299
-0.00588
0.00052
-0.00106
0.00387
0.00373
0.00293
0.00247
0.00887
0.00990
0.01141
0.00731
0.00490
0.00816
0.00881
0.00673
0.00123
0.00149
0.00033
0.00033
0.00009
-0.00289
-0.00141
-0.00018
-0.00060
-0.00426
-0.00378
-0.00038
-0.00235
-0.00010
-0.00142
0.00132
0.00202
-0.00162
0.00140
-0.00174
0.00017
0.00235
0.00088
-0.00135
-0.00373
-0.00108
-0.00139
-0.00655
-0.00758
-0.00477
-0.00773
-0.00885
-0.01004
-0.01450
-0.01222
-0.00852
-0.01109
-0.01082
-0.01204
-0.00873
-0.00659
-0.00793
-0.00975
-0.00825
-0.00582
-0.00418
-0.00262
-0.00205
-0.00376
-0.00376
-0.00364
-0.00411
-0.00317
-0.00373
-0.00557
-0.00550
-0.00103
-0.00246
-0.00678
-0.00640
-0.00231
-0.00373
-0.00135
-0.00136
-0.00371
0.00460
0.00237
0.00147
0.00108
0.00022
0.00370
0.00301
0.00079
0.00253
0.00074
0.00204
0.00034
-0.00065
-0.00383
-0.00217
-0.00488
-0.00304
-0.00463
-0.00546
-0.00301
-0.00446
-0.00355
-0.00119
0.00101
0.00347
0.00488
0.00312
0.00304
0.00504
0.00611
0.00573
0.00170
0.00521
0.00365
0.00032
0.00059
-0.00193
0.00065
-0.00044
0.00090
-0.00127
0.00082
0.00104
0.00263
-0.00059
0.00020
0.00094
0.00422
-0.00100
0.00248
-0.00152
0.00058
-0.00152
-0.00561
-0.00459
-0.00606
-0.00813
-0.00579
-0.01115
-0.01240
-0.01014
-0.01467
-0.01690
-0.02002
-0.02493
-0.02644
-0.03734
-0.03993
-0.04172
-0.04089
-0.03816
-0.03133
-0.02328
-0.00683
0.00653
0.02410
0.03887
0.04746
0.05825
0.05545
0.04855
0.03327
0.01159
-0.01348
-0.04334
-0.07279
-0.10194
-0.13037
-0.14520
-0.15472
-0.15643
-0.14324
-0.12153
-0.08942
-0.05149
-0.00716
0.03498
0.07683
0.10629
0.12415
0.13453
0.12971
0.11381
0.09051
0.05742
0.01814
-0.02382
-0.06718
-0.10423
-0.13438
-0.15881
-0.17463
-0.17624
-0.17284
-0.15714
-0.13882
-0.10909
-0.07695
-0.04341
-0.01555
0.01342
0.03959
0.06318
0.07168
0.08059
0.08170
0.07643
0.06477
0.04972
0.03218
0.01295
-0.00787
-0.03038
-0.05107
-0.06846
-0.08134
-0.09720
-0.10715
-0.11030
-0.11233
-0.10945
-0.10406
-0.09256
-0.07684
-0.06452
-0.04128
-0.02434
-0.00488
0.00799
0.01778
0.02607
0.03607
0.03669
0.03402
0.02976
0.02402
0.01438
0.00196
-0.00825
-0.01945
-0.02894
-0.03841
-0.04769
-0.05267
-0.05906
-0.06356
-0.06385
-0.06586
-0.06085
-0.05595
-0.04564
-0.04253
-0.03191
-0.02107
-0.01182
-0.00486
0.00312
0.01332
0.01494
0.02018
0.01985
0.02111
0.01602
0.01110
0.00535
-0.00053
-0.00483
-0.01624
-0.02096
-0.02599
-0.03082
-0.03193
-0.03504
-0.03513
-0.03250
-0.02873
-0.02534
-0.01650
-0.01412
-0.00861
-0.00119
0.00215
0.00590
0.00908
0.01109
0.01223
0.01040
0.01155
0.01143
0.00825
0.00330
0.00599
0.00512
-0.00040
-0.00118
0.00120
-0.00057
-0.00298
0.00016
0.00018
-0.00274
-0.00040
0.00043
-0.00058
-0.00147
0.00002
0.00157
-0.00103
-0.00049
-0.00252
0.00158
0.00219
0.00045
0.00238
0.00380
0.00436
0.00467
0.00597
0.00746
0.00731
0.00718
0.00805
0.00667
0.00640
0.00093
0.00010
0.00309
0.00206
-0.00002
-0.00520
-0.00069
0.00123
0.00203
-0.00069
-0.00023
-0.00304
0.00218
0.00367
0.00217
0.00392
0.00426
0.00643
0.00564
0.00607
-0.00168
-0.00093
-0.00156
-0.00180
-0.00315
-0.00892
-0.01111
-0.00992
-0.00848
-0.00927
-0.00901
-0.01040
-0.00946
-0.00879
-0.00340
-0.00192
-0.00053
-0.00034
0.00473
0.00299
0.00424
0.00816
0.00608
0.00628
0.00516
0.00600
0.00741
0.00497
0.00027
0.00171
0.00238
0.00227
-0.00112
0.00199
-0.00219
0.00158
-0.00062
-0.00000
-0.00027
0.00234
0.00268
0.00208
-0.00060
0.00113
0.00314
0.00213
0.00408
0.00198
0.00292
0.00007
0.00092
0.00086
0.00448
0.00266
-0.00251
0.00025
0.00007
0.00140
-0.00251
-0.00094
0.00033
0.00241
0.00206
-0.00104
0.00024
0.00282
0.00092
0.00106
0.00156
-0.00206
0.00022
-0.00046
0.00268
0.00401
-0.00235
0.00073
0.00188
0.00004
0.00093
-0.00333
-0.00389
0.00040
0.00089
0.00280
0.00140
0.00014
-0.00007
0.00378
-0.00091
-0.00092
-0.00086
-0.00230
-0.00235
-0.00050
0.00167
-0.00224
-0.00192
-0.00116
-0.00026
-0.00271
-0.00110
-0.00229
0.00126
0.00136
0.00210
0.00266
-0.00103
-0.00256
0.00400
0.00106
-0.00096
-0.00243
-0.00014
-0.00096
-0.00188
-0.00107
-0.00321
-0.00109
0.00311
0.00530
0.00146
0.00307
0.00394
0.00278
0.00121
-0.00177
-0.00284
-0.00459
-0.00850
-0.01118
-0.00989
-0.01091
-0.00877
-0.00789
-0.00075
0.00984
0.01590
0.02403
0.03373
0.04451
0.05328
0.05632
0.05436
0.04990
0.04103
0.02976
0.01045
-0.01169
-0.03536
-0.05396
-0.07268
-0.08953
-0.09410
-0.09439
-0.08321
-0.06115
-0.03561
-0.00178
0.03683
0.07582
0.10819
0.13356
0.15111
0.15535
0.14907
0.12829
0.09690
0.06021
0.01350
-0.03750
-0.08491
-0.12393
-0.15314
-0.17205
-0.18077
-0.17368
-0.15068
-0.11159
-0.06828
-0.01828
0.03074
0.08167
0.11851
0.14845
0.16041
0.16409
0.14928
0.12728
0.09110
0.05194
0.00870
-0.03162
-0.06392
-0.09229
-0.10854
-0.12457
-0.12197
-0.11204
-0.09429
-0.07210
-0.04639
-0.01824
0.00604
0.02956
0.04421
0.05480
0.05152
0.04998
0.04179
0.03118
0.01870
0.00337
-0.00970
-0.01601
-0.01844
-0.02140
-0.01560
-0.01323
-0.00506
0.00379
0.00556
0.01314
0.01956
0.01822
0.01753
0.00890
0.00125
-0.00522
-0.01689
-0.02535
-0.03234
-0.03869
-0.03822
-0.03472
-0.03120
-0.02471
-0.01290
0.00273
0.01488
0.02566
0.03537
0.04392
0.04730
0.05213
0.05159
0.04160
0.03747
0.02928
0.01595
0.00588
-0.00624
-0.01428
-0.02296
-0.02637
-0.03160
-0.03198
-0.02451
-0.02557
-0.01707
-0.00907
0.00134
0.00836
0.01361
0.02120
0.02246
0.02989
0.02531
0.02649
0.02170
0.01965
0.01182
0.00891
0.00202
-0.00205
-0.00621
-0.00867
-0.01041
-0.00996
-0.00791
-0.00919
-0.00512
-0.00411
-0.00386
-0.00057
-0.00075
0.00212
0.00306
-0.00114
0.00002
0.00060
-0.00065
-0.00067
0.00099
-0.00114
-0.00052
-0.00133
-0.00062
0.00223
0.00081
0.00199
0.00364
-0.00044
0.00212
0.00131
0.00140
0.00009
0.00374
0.00106
-0.00039
-0.00203
0.00065
-0.00370
-0.00268
-0.00131
0.00050
-0.00178
-0.00319
-0.00101
-0.00131
0.00176
-0.00148
0.00065
-0.00059
0.00104
0.00298
0.00266
0.00077
-0.00141
0.00047
0.00107
0.00148
-0.00216
-0.00148
-0.00371
-0.00188
-0.00184
-0.00191
-0.00094
-0.00145
0.00109
0.00159
-0.00091
0.00030
-0.00169
0.00105
0.00207
0.00232
0.00213
0.00362
0.00429
0.00111
0.00238
0.00518
0.00463
0.00272
0.00034
0.00290
-0.00230
-0.00187
-0.00462
-0.00603
-0.00482
-0.00478
-0.00472
-0.00494
-0.00566
-0.00541
-0.00387
-0.00026
-0.00156
0.00101
0.00127
0.00121
0.00393
0.00524
0.00441
0.00585
0.00515
0.00372
0.00706
0.00457
0.00187
0.00325
-0.00168
-0.00252
-0.00046
-0.00160
-0.00194
-0.00416
-0.00347
-0.00047
0.00066
-0.00049
-0.00411
-0.00459
-0.00214
-0.00075
0.00370
0.00219
-0.00446
0.00201
0.00307
0.00057
0.00252
-0.00006
0.00031
0.00225
0.00276
0.00284
-0.00300
0.00134
0.00218
-0.00140
-0.00189
-0.00297
-0.00015
0.00188
-0.00337
-0.00312
-0.00344
0.00167
0.00080
-0.00183
-0.00122
-0.00117
-0.00053
-0.00114
0.00201
0.00034
0.00303
0.00266
0.00055
0.00232
0.00067
0.00282
-0.00002
-0.00064
0.00029
-0.00393
-0.00319
-0.00256
-0.00154
-0.00292
-0.00028
0.00017
0.00031
0.00219
0.00300
0.00486
0.00159
-0.00057
-0.00109
-0.00274
-0.00688
-0.00568
-0.00712
-0.01085
-0.00599
-0.00247
-0.00198
0.00818
0.01823
0.02458
0.03192
0.03637
0.04461
0.04694
0.04606
0.04067
0.03078
0.02490
0.01393
0.00358
-0.01395
-0.02425
-0.03361
-0.03593
-0.03368
-0.03534
-0.02620
-0.00705
0.01071
0.02777
0.04945
0.06846
0.08788
0.10144
0.10772
0.10544
0.10201
0.09121
0.07187
0.05617
0.02774
0.00785
-0.01521
-0.03402
-0.04828
-0.05941
-0.06638
-0.06240
-0.05497
-0.04277
-0.02672
-0.00590
0.01548
0.03413
0.05575
0.06915
0.08603
0.09398
0.09472
0.09035
0.08107
0.07267
0.05608
0.03768
0.01898
-0.00092
-0.01741
-0.03509
-0.05156
-0.06261
-0.06754
-0.07016
-0.06795
-0.06132
-0.05355
-0.04016
-0.02472
-0.00915
0.00796
0.01971
0.03311
0.04256
0.04716
0.05001
0.04733
0.04200
0.03424
0.02384
0.01132
-0.00244
-0.01382
-0.02372
-0.03404
-0.04248
-0.04326
-0.05033
-0.04689
-0.04483
-0.03825
-0.02865
-0.02223
-0.01659
-0.00834
-0.00597
0.00293
0.00774
0.01068
0.01154
0.01542
0.01682
0.01503
0.01374
0.01413
0.01111
0.00959
0.01065
0.00571
0.00776
0.00661
0.00624
0.00337
-0.00051
-0.00079
-0.00398
-0.00588
-0.01209
-0.01060
-0.01341
-0.01256
-0.00894
-0.00637
-0.00434
-0.00024
0.00912
0.01124
0.01324
0.02171
0.02355
0.02737
0.03364
0.02982
0.02882
0.02615
0.02643
0.02215
0.01253
0.00977
0.00728
-0.00082
-0.00563
-0.00675
-0.01296
-0.00965
-0.01195
-0.00647
-0.00990
-0.00514
-0.00407
0.00361
0.00281
0.00583
0.01029
0.01099
0.01355
0.01556
0.01670
0.01484
0.01368
0.01172
0.00557
0.00493
0.00440
0.00268
-0.00152
-0.00521
-0.00697
-0.00791
-0.01073
-0.00902
-0.00948
-0.01083
-0.00598
-0.00584
-0.00410
-0.00165
0.00069
0.00304
0.00660
0.00906
0.01013
0.01049
0.00960
0.01007
0.00761
0.00631
0.00570
0.00417
0.00312
-0.00083
-0.00149
-0.00514
-0.00649
-0.00632
-0.00663
-0.00622
-0.00590
-0.00428
-0.00186
-0.00504
0.00140
-0.00014
0.00044
0.00255
0.00220
0.00608
0.00388
0.00515
0.00539
0.00382
0.00333
0.00283
0.00122
0.00031
-0.00089
-0.00189
-0.00258
-0.00276
-0.00291
-0.00285
-0.00125
-0.00112
-0.00170
-0.00080
0.00048
0.00311
0.00124
0.00012
0.00164
0.00224
0.00004
0.00065
-0.00210
-0.00120
-0.00012
0.00043
0.00033
-0.00011
0.00439
0.00407
-0.00006
-0.00111
0.00173
0.00045
0.00196
0.00065
0.00462
-0.00183
-0.00010
0.00141
0.00259
-0.00025
-0.00271
-0.00260
-0.00212
-0.00256
-0.00107
0.00045
-0.00068
0.00286
0.00156
-0.00131
-0.00206
-0.00114
0.00071
-0.00076
0.00202
0.00151
-0.00052
-0.00018
0.00312
-0.00075
0.00020
0.00206
0.00160
0.00012
0.00049
0.00160
-0.00017
-0.00024
-0.00161
-0.00101
-0.00186
-0.00256
0.00149
-0.00075
0.00184
-0.00068
-0.00026
-0.00175
0.00443
-0.00028
-0.00186
-0.00321
-0.00225
-0.00148
-0.00223
-0.00151
-0.00192
-0.00228
-0.00430
-0.00320
-0.00459
-0.00207
-0.00020
-0.00210
-0.00126
0.00050
0.00308
0.00419
0.00282
0.00146
0.00102
0.00411
0.00056
-0.00053
-0.00304
-0.00625
-0.00495
-0.00942
-0.00906
-0.00548
-0.00561
-0.00056
-0.00170
0.00407
0.00597
0.01001
0.01170
0.01235
0.01106
0.01220
0.00768
0.00119
-0.00757
-0.01349
-0.01738
-0.02653
-0.03185
-0.03744
-0.03930
-0.03632
-0.03092
-0.02458
-0.01821
-0.00351
0.00943
0.02229
0.03678
0.04318
0.04825
0.05469
0.05301
0.04740
0.03655
0.02367
0.01116
-0.00649
-0.02018
-0.03251
-0.04600
-0.05335
-0.05646
-0.05402
-0.05054
-0.04261
-0.02792
-0.01327
0.00414
0.01631
0.03246
0.04407
0.05587
0.05834
0.05860
0.05385
0.04409
0.03602
0.02366
0.01149
-0.00437
-0.01361
-0.02715
-0.03276
-0.03948
-0.04512
-0.04699
-0.04576
-0.03974
-0.03593
-0.02711
-0.02059
-0.01475
-0.00690
-0.00292
0.00168
0.00811
0.01369
0.01181
0.01637
0.01719
0.01632
0.01475
0.01166
0.00666
0.00457
-0.00111
-0.00618
-0.01472
-0.01955
-0.02204
-0.02859
-0.03190
-0.03296
-0.03697
-0.03731
-0.03279
-0.02771
-0.02658
-0.02038
-0.01493
-0.00582
0.00034
0.00746
0.01072
0.01124
0.01700
0.01881
0.02093
0.01374
0.01032
0.00677
0.00537
0.00173
-0.00248
-0.00626
-0.00982
-0.00996
-0.00800
-0.00635
-0.00941
-0.01070
-0.00659
-0.00109
0.00022
-0.00164
-0.00026
0.00157
0.00524
0.00344
-0.00137
-0.00007
-0.00093
0.00183
0.00144
-0.00054
-0.00056
-0.00121
0.00243
0.00386
0.00159
0.00219
-0.00064
0.00260
-0.00001
-0.00387
-0.00459
-0.00386
-0.00511
-0.00844
-0.01405
-0.01205
-0.01265
-0.01166
-0.01418
-0.01463
-0.01214
-0.00639
-0.00078
-0.00400
0.00135
0.00329
0.00602
0.01084
0.00997
0.00831
0.00765
0.00746
0.00656
0.00795
0.00034
-0.00236
-0.00103
-0.00129
-0.00310
-0.00838
-0.00560
-0.00420
-0.00341
-0.00132
-0.00084
-0.00076
0.00023
0.00452
0.00252
0.00260
0.00462
0.00538
0.00610
0.00307
0.00400
0.00460
0.00756
0.00308
0.00098
0.00325
0.00511
0.00444
0.00177
0.00098
0.00409
0.00269
0.00289
0.00130
-0.00059
-0.00316
-0.00112
0.00034
-0.00288
-0.00548
-0.00594
-0.00308
0.00063
-0.00223
-0.00305
-0.00072
-0.00256
0.00390
0.00187
-0.00087
0.00344
0.00512
0.00417
0.00339
0.00009
0.00047
-0.00176
0.00271
-0.00053
-0.00397
-0.00270
-0.00372
-0.00422
-0.00361
-0.00366
-0.00578
-0.00290
-0.00254
-0.00130
-0.00256
-0.00003
0.00430
0.00284
0.00249
0.00205
0.00251
0.00534
0.00114
0.00201
0.00147
-0.00157
-0.00552
-0.00257
-0.00481
-0.00633
-0.00623
-0.00410
-0.00223
-0.00473
-0.00327
-0.00419
0.00030
-0.00289
-0.00298
0.00096
0.00353
0.00252
0.00421
0.00339
0.00263
0.00496
0.00127
0.00017
0.00104
0.00111
0.00136
0.00220
-0.00047
-0.00185
-0.00253
-0.00272
-0.00001
-0.00141
0.00026
0.00036
0.00116
0.00116
-0.00231
0.00180
0.00033
0.00052
-0.00163
-0.00156
-0.00054
0.00395
0.00051
0.00078
-0.00093
-0.00012
-0.00179
0.00045
-0.00049
0.00059
-0.00072
-0.00031
0.00031
0.00044
-0.00181
0.00035
-0.00208
0.00167
-0.00066
0.00084
0.00256
0.00131
0.00041
-0.00155
-0.00034
0.00055
-0.00069
-0.00173
0.00014
-0.00208
-0.00387
-0.00592
-0.00256
-0.00263
-0.00041
0.00240
0.00161
0.00421
0.00661
0.00672
0.00965
0.01089
0.00672
0.00504
0.00243
-0.00150
-0.00655
-0.01362
-0.01999
-0.02378
-0.02648
-0.02928
-0.03329
-0.03140
-0.02441
-0.02141
-0.01392
-0.00841
0.00321
0.01394
0.01938
0.02334
0.02442
0.02612
0.02324
0.01859
0.01157
0.00207
-0.00509
-0.01641
-0.02580
-0.03706
-0.04451
-0.04555
-0.04958
-0.04869
-0.04358
-0.03496
-0.02881
-0.01994
-0.01314
-0.00332
0.00513
0.01181
0.01582
0.01686
0.01644
0.01636
0.01622
0.01990
0.01588
0.01788
0.02168
0.02278
0.02348
0.02039
0.01171
0.00132
-0.01256
-0.02915
-0.04683
-0.06771
-0.07900
-0.09169
-0.09158
-0.08587
-0.07396
-0.05146
-0.02287
0.01242
0.05051
0.08648
0.12254
0.14465
0.15623
0.16076
0.14666
0.12313
0.08737
0.03587
-0.01459
-0.06581
-0.10891
-0.14786
-0.18107
-0.19473
-0.18583
-0.16347
-0.12553
-0.08432
-0.02482
0.03677
0.09266
0.14195
0.16935
0.18975
0.19660
0.18774
0.16075
0.12295
0.07595
0.02716
-0.02233
-0.06779
-0.10903
-0.13763
-0.15652
-0.15952
-0.15292
-0.13942
-0.11042
-0.07530
-0.03757
0.00038
0.03706
0.06918
0.09093
0.10053
0.10668
0.09798
0.08934
0.07117
0.04924
0.02863
-0.00027
-0.01995
-0.03941
-0.05645
-0.06367
-0.06625
-0.06531
-0.06074
-0.05063
-0.03901
-0.02118
-0.00675
0.01018
0.02182
0.02766
0.03450
0.03625
0.03571
0.02737
0.02114
0.01082
0.00310
-0.00280
-0.01240
-0.01869
-0.01627
-0.01724
-0.01281
-0.00562
0.00183
0.00826
0.01867
0.02294
0.03109
0.03492
0.03853
0.03322
0.02868
0.02114
0.01437
0.00758
-0.00235
-0.00992
-0.01313
-0.01667
-0.01605
-0.01346
-0.01290
-0.00746
0.00474
0.00862
0.01987
0.02660
0.02731
0.03650
0.03527
0.03473
0.02976
0.02589
0.02070
0.01311
0.00390
-0.00191
-0.00673
-0.01086
-0.01198
-0.01291
-0.01544
-0.01057
-0.00689
-0.00561
-0.00052
0.00388
0.01068
0.01310
0.01503
0.01577
0.01453
0.01371
0.01320
0.01082
0.00436
0.00222
0.00180
-0.00268
-0.00524
-0.00627
-0.00777
-0.00524
-0.00690
-0.00376
-0.00343
-0.00251
0.00081
0.00223
0.00446
0.00499
0.00394
0.00558
0.00379
0.00429
0.00457
0.00284
0.00031
-0.00282
-0.00154
0.00025
-0.00194
-0.00391
-0.00675
-0.00269
-0.00013
-0.00279
-0.00114
0.00190
0.00236
0.00302
0.00290
0.00516
0.00247
0.00454
0.00438
0.00259
-0.00102
0.00145
-0.00019
-0.00063
-0.00247
-0.00159
-0.00480
-0.00568
-0.00773
-0.00384
-0.00532
-0.00267
-0.00217
-0.00373
-0.00105
0.00127
0.00603
0.00714
0.00699
0.00539
0.00954
0.00643
0.00735
0.00757
0.00558
0.00785
0.00658
0.00584
0.00440
0.00207
0.00181
0.00040
-0.00186
0.00080
-0.00280
0.00258
-0.00029
-0.00038
-0.00138
0.00001
0.00411
0.00354
0.00086
0.00151
0.00157
0.00139
0.00215
-0.00147
-0.00321
-0.00040
-0.00297
-0.00184
-0.00354
-0.00402
-0.00128
0.00093
-0.00021
-0.00352
0.00132
0.00183
-0.00061
0.00037
-0.00109
-0.00170
0.00324
0.00103
-0.00014
-0.00076
-0.00042
-0.00343
-0.00021
-0.00161
-0.00080
0.00130
-0.00039
0.00092
0.00496
0.00391
0.00518
0.00206
0.00066
-0.00102
-0.00257
-0.00081
-0.00571
-0.00698
-0.00942
-0.01242
-0.01119
-0.00825
-0.00735
-0.00377
-0.00073
0.00349
0.00358
0.00774
0.01518
0.01981
0.02071
0.02057
0.01567
0.01573
0.01064
0.00732
0.00638
0.00081
-0.00448
-0.00836
-0.00955
-0.01413
-0.01870
-0.01368
-0.01609
-0.01372
-0.01097
-0.00753
-0.00589
-0.00004
0.00402
0.00820
0.00931
0.01505
0.01414
0.01837
0.01684
0.01483
0.00872
0.00463
-0.00365
-0.00991
-0.01376
-0.01559
-0.01921
-0.01961
-0.01679
-0.01166
-0.00591
0.00165
0.01064
0.01814
0.02236
0.02590
0.03054
0.02666
0.02126
0.01034
0.00139
-0.01268
-0.02328
-0.03712
-0.04631
-0.05246
-0.05715
-0.05517
-0.04844
-0.03893
-0.02134
-0.00167
0.02068
0.03953
0.06238
0.07969
0.09123
0.09743
0.09308
0.08299
0.06829
0.04807
0.01795
-0.01327
-0.03899
-0.06684
-0.09620
-0.11547
-0.13533
-0.13859
-0.13753
-0.12594
-0.10532
-0.07916
-0.03914
-0.00077
0.03817
0.07669
0.10619
0.13098
0.14557
0.15117
0.14228
0.12319
0.09106
0.05779
0.01638
-0.02317
-0.06396
-0.10041
-0.12880
-0.14714
-0.15523
-0.15168
-0.13839
-0.11535
-0.07938
-0.04126
0.00117
0.03850
0.07553
0.10425
0.12067
0.13007
0.12725
0.11822
0.09926
0.07317
0.04515
0.02130
0.00021
-0.02612
-0.04300
-0.04913
-0.04750
-0.04814
-0.03565
-0.02126
-0.00585
0.01156
0.02820
0.04336
0.05125
0.06107
0.05684
0.05374
0.04879
0.03730
0.02757
0.01529
0.00349
-0.00074
-0.00381
-0.00483
-0.00629
-0.00140
0.01067
0.01881
0.03082
0.03402
0.04190
0.04957
0.04764
0.04511
0.03938
0.03297
0.02797
0.01700
0.00464
-0.00488
-0.01276
-0.01860
-0.02290
-0.02286
-0.01680
-0.01791
-0.01061
-0.00158
0.00537
0.01463
0.01972
0.02721
0.03033
0.03295
0.02909
0.02911
0.02688
0.02182
0.01631
0.00926
0.00348
-0.00122
-0.00446
-0.00761
-0.01079
-0.00918
-0.00788
-0.00966
-0.00293
-0.00587
-0.00059
0.00294
0.00550
0.00581
0.00597
0.00826
0.00633
0.00600
0.00187
-0.00125
0.00002
-0.00189
-0.00508
-0.00526
-0.00271
-0.00743
-0.00563
-0.00080
-0.00263
-0.00004
0.00039
0.00306
0.00666
0.00567
0.00574
0.00228
0.00440
0.00100
0.00207
-0.00187
-0.00342
-0.00378
-0.00655
-0.00631
-0.00738
-0.00853
-0.00698
-0.00482
-0.00576
-0.00439
-0.00230
-0.00089
0.00045
0.00162
0.00183
0.00558
0.00419
0.00633
0.00626
0.00300
0.00222
0.00142
-0.00020
0.00056
0.00068
-0.00055
-0.00201
0.00097
-0.00134
-0.00164
0.00206
-0.00169
-0.00278
0.00164
0.00274
-0.00053
-0.00176
-0.00039
-0.00046
0.00232
-0.00139
-0.00199
0.00061
0.00105
-0.00156
-0.00341
0.00123
-0.00206
0.00301
0.00190
0.00079
0.00326
0.00151
0.00354
0.00513
0.00419
0.00431
0.00339
0.00061
0.00027
0.00117
0.00390
-0.00114
0.00034
-0.00367
0.00092
0.00223
-0.00130
0.00266
-0.00197
0.00153
0.00140
-0.00015
-0.00009
-0.00143
0.00218
-0.00125
-0.00203
-0.00036
-0.00157
0.00271
0.00179
-0.00015
0.00078
0.00209
0.00377
0.00155
-0.00109
-0.00063
0.00113
0.00430
-0.00392
-0.00372
-0.00300
-0.00405
-0.00476
-0.00804
-0.00391
-0.00672
-0.00495
-0.00389
-0.00046
0.00238
0.00290
0.01003
0.00587
0.00973
0.01318
0.01321
0.01294
0.01146
0.00878
0.00551
0.00215
-0.00120
-0.00863
-0.01034
-0.00912
-0.01166
-0.01346
-0.01466
-0.01028
-0.00303
-0.00320
-0.00107
0.00264
0.00935
0.01385
0.01467
0.01689
0.02171
0.02221
0.02119
0.01757
0.01374
0.00941
0.00588
0.00036
-0.00465
-0.01326
-0.01224
-0.01141
-0.01668
-0.01638
-0.01000
-0.00306
0.00686
0.01286
0.02183
0.02928
0.03902
0.04294
0.04105
0.03604
0.02963
0.01770
0.00437
-0.00828
-0.02178
-0.03400
-0.04487
-0.05406
-0.05088
-0.04684
-0.03702
-0.01922
-0.00064
0.01611
0.03615
0.05237
0.06918
0.07607
0.07525
0.07123
0.05960
0.03947
0.02203
-0.00821
-0.03274
-0.05158
-0.06960
-0.08462
-0.08853
-0.08593
-0.08061
-0.06798
-0.05003
-0.02836
-0.00607
0.01784
0.03658
0.04985
0.06135
0.06467
0.06314
0.05753
0.04227
0.02834
0.01386
-0.00450
-0.01624
-0.02866
-0.04377
-0.05026
-0.05582
-0.05678
-0.05581
-0.04682
-0.04101
-0.03618
-0.02463
-0.01476
-0.00686
-0.00125
0.00839
0.01366
0.01555
0.02156
0.01940
0.01797
0.01904
0.01779
0.01482
0.01194
0.00754
0.00103
-0.00330
-0.00623
-0.00888
-0.01374
-0.01431
-0.01809
-0.02097
-0.01776
-0.01927
-0.01800
-0.01366
-0.01224
-0.01054
-0.00445
-0.00348
0.00189
0.00146
0.00502
0.00979
0.01226
0.01434
0.01414
0.01602
0.01435
0.01474
0.00930
0.00803
0.00594
0.00233
-0.00280
-0.00713
-0.00517
-0.00900
-0.00803
-0.00945
-0.01104
-0.00884
-0.00734
-0.00845
-0.00556
-0.00287
-0.00066
0.00287
0.00051
0.00309
0.00850
0.00774
0.00649
0.00552
0.00563
0.00463
0.00262
-0.00010
-0.00112
-0.00213
-0.00373
-0.00251
-0.00567
-0.00353
-0.00010
0.00013
0.00125
0.00078
0.00292
0.00457
0.00590
0.00197
0.00081
0.00190
0.00237
0.00052
-0.00126
-0.00464
-0.00462
-0.00389
-0.00535
-0.00632
-0.00460
-0.00089
-0.00158
0.00194
0.00217
0.00503
0.00401
0.00813
0.00699
0.00527
0.00415
0.00552
0.00559
-0.00133
-0.00195
-0.00256
-0.00576
-0.00435
-0.00602
-0.00707
-0.00882
-0.00529
-0.00058
0.00232
-0.00118
-0.00310
-0.00082
0.00627
0.00545
0.00344
0.00251
0.00295
0.00346
0.00464
0.00019
-0.00157
-0.00054
0.00228
-0.00130
-0.00327
-0.00424
-0.00229
-0.00303
-0.00194
-0.00383
-0.00328
-0.00142
-0.00016
-0.00121
0.00035
0.00122
0.00142
0.00105
0.00197
0.00236
0.00033
-0.00091
-0.00054
-0.00254
-0.00190
0.00118
0.00320
0.00207
-0.00002
0.00069
0.00460
0.00330
0.00338
0.00116
0.00231
0.00334
0.00453
0.00500
0.00143
0.00151
0.00315
0.00404
0.00188
0.00045
0.00106
-0.00039
-0.00012
-0.00023
-0.00041
-0.00073
0.00071
0.00006
0.00023
-0.00182
0.00082
0.00366
-0.00046
-0.00176
0.00105
-0.00165
0.00253
-0.00253
-0.00374
-0.00453
-0.00330
-0.00036
-0.00085
-0.00378
-0.00157
0.00289
0.00147
0.00300
0.00026
0.00126
0.00443
0.00205
0.00135
-0.00097
-0.00219
0.00159
-0.00163
-0.00262
0.00002
-0.00641
-0.00459
-0.00324
-0.00201
-0.00169
0.00254
0.00277
0.00221
0.00297
0.00556
0.00664
0.00222
0.00219
-0.00035
0.00291
0.00067
-0.00426
-0.00469
-0.00731
-0.00411
-0.00609
-0.00785
-0.00499
-0.00422
-0.00477
-0.00183
0.00068
-0.00031
0.00318
0.00257
0.00654
0.00832
0.00577
0.00660
0.00641
0.00649
0.00654
0.00477
0.00318
0.00017
-0.00125
-0.00520
-0.00527
-0.01095
-0.01295
-0.01676
-0.01568
-0.01342
-0.01266
-0.00912
-0.00399
0.00224
0.00846
0.01227
0.01518
0.01779
0.02029
0.01779
0.01309
0.00490
-0.00180
-0.01079
-0.01418
-0.02426
-0.03494
-0.03921
-0.04517
-0.04062
-0.03647
-0.02940
-0.01882
-0.00922
0.00269
0.01612
0.02136
0.03042
0.03270
0.03050
0.02902
0.01896
0.00783
-0.00778
-0.01796
-0.03602
-0.04805
-0.05315
-0.05992
-0.06097
-0.05727
-0.04765
-0.03229
-0.01570
-0.00327
0.01190
0.02320
0.03704
0.04003
0.04255
0.03742
0.02841
0.02269
0.00697
-0.01005
-0.02047
-0.03219
-0.04141
-0.04743
-0.04634
-0.04325
-0.03526
-0.02255
-0.01476
0.00172
0.01688
0.02832
0.03336
0.03618
0.03739
0.03819
0.03068
0.02087
0.01336
0.00474
-0.00638
-0.01260
-0.01781
-0.01583
-0.01543
-0.01276
-0.00363
0.00466
0.01110
0.01721
0.02429
0.02553
0.02675
0.02454
0.02430
0.01713
0.00965
0.00425
-0.00257
-0.00722
-0.01162
-0.01146
-0.00745
-0.00388
0.00256
0.01485
0.02042
0.02715
0.03185
0.03833
0.03948
0.03532
0.02993
0.02322
0.01570
0.00287
-0.00477
-0.01373
-0.01768
-0.02294
-0.02690
-0.02676
-0.01841
-0.01676
-0.00910
0.00178
0.00816
0.01386
0.02068
0.02343
0.02629
0.02468
0.02200
0.01724
0.01022
0.00404
-0.00231
-0.00882
-0.01469
-0.01831
-0.01961
-0.01929
-0.01826
-0.01512
-0.01206
-0.00839
-0.00149
0.00292
0.00175
0.00481
0.00509
0.00870
0.00631
0.00370
0.00267
0.00382
-0.00003
-0.00099
-0.00436
-0.00683
-0.00540
-0.00496
-0.00573
-0.00393
-0.00044
-0.00116
-0.00108
0.00269
0.00277
0.00505
0.00302
0.00174
0.00082
-0.00113
0.00149
-0.00021
-0.00242
-0.00193
-0.00154
-0.00354
-0.00312
-0.00347
-0.00370
-0.00180
-0.00048
-0.00205
0.00040
0.00538
0.00289
0.00170
0.00208
0.00383
0.00226
0.00206
-0.00084
-0.00097
-0.00169
-0.00213
-0.00426
-0.00069
-0.00371
-0.00262
-0.00291
-0.00398
-0.00415
-0.00265
-0.00085
-0.00035
0.00067
0.00182
0.00310
0.00139
0.00263
0.00257
0.00091
0.00317
-0.00043
-0.00146
0.00008
-0.00010
0.00081
0.00287
-0.00333
-0.00348
0.00060
-0.00128
-0.00012
-0.00107
0.00248
0.00174
0.00004
-0.00256
0.00129
-0.00085
0.00247
-0.00015
-0.00061
-0.00092
-0.00138
-0.00039
0.00233
0.00049
-0.00082
-0.00321
-0.00097
-0.00231
-0.00183
-0.00144
-0.00094
-0.00254
-0.00423
-0.00253
-0.00174
-0.00205
-0.00348
-0.00133
-0.00191
-0.00245
-0.00023
0.00156
0.00392
0.00003
-0.00143
0.00199
0.00311
-0.00132
-0.00398
-0.00119
0.00091
-0.00010
0.00222
-0.00285
0.00066
-0.00058
0.00298
-0.00184
0.00122
0.00112
0.00148
-0.00115
0.00171
0.00005
-0.00106
0.00091
0.00162
0.00211
0.00218
0.00107
-0.00072
0.00072
0.00069
-0.00002
-0.00171
-0.00058
0.00158
-0.00074
-0.00074
-0.00321
-0.00316
-0.00610
-0.00170
-0.00509
-0.00556
-0.00581
-0.00375
-0.00199
-0.00094
-0.00109
0.00116
-0.00049
0.00206
0.00371
0.00547
0.00633
0.00399
0.00515
0.00461
0.00317
0.00333
0.00258
0.00145
-0.00069
-0.00261
-0.00193
-0.00235
-0.00545
-0.00444
-0.00521
-0.00747
-0.00412
-0.00067
0.00107
0.00448
0.00857
0.01015
0.01371
0.01706
0.02089
0.02010
0.01830
0.01849
0.01647
0.00792
0.00354
-0.00479
-0.00914
-0.01493
-0.01665
-0.02411
-0.02018
-0.01839
-0.01432
-0.00947
-0.00014
0.00727
0.01787
0.02365
0.03191
0.03397
0.03271
0.03204
0.02407
0.01790
0.00522
-0.00496
-0.01574
-0.02132
-0.03389
-0.03415
-0.03751
-0.03376
-0.03000
-0.02522
-0.01563
-0.00892
0.00160
0.01425
0.01492
0.02121
0.02342
0.02427
0.02154
0.01584
0.00818
0.00155
-0.00844
-0.01441
-0.02186
-0.02970
-0.03032
-0.03032
-0.02990
-0.02877
-0.02302
-0.01904
-0.00915
-0.00484
0.00330
0.00966
0.01623
0.01564
0.01796
0.01638
0.01524
0.01246
0.00715
0.00520
0.00202
-0.00708
-0.01150
-0.01423
-0.01747
-0.01802
-0.01746
-0.01670
-0.01656
-0.01362
-0.00957
-0.00710
-0.00481
-0.00199
0.00367
0.00788
0.00794
0.01207
0.01047
0.01414
0.01274
0.00897
0.00621
0.00425
0.00479
0.00320
0.00218
-0.00428
-0.00170
-0.00224
0.00080
-0.00255
-0.00024
0.00056
0.00426
-0.00198
-0.00074
-0.00201
0.00340
0.00065
-0.00029
0.00053
-0.00192
0.00174
-0.00019
-0.00382
-0.00286
-0.00014
0.00031
-0.00183
-0.00378
-0.00267
-0.00013
-0.00008
-0.00204
-0.00065
-0.00033
0.00021
-0.00038
-0.00301
-0.00168
-0.00194
0.00243
-0.00317
-0.00072
0.00409
-0.00123
0.00074
0.00013
-0.00233
0.00246
-0.00089
-0.00146
-0.00015
0.00310
0.00219
0.00190
0.00123
-0.00193
-0.00009
0.00076
0.00060
-0.00148
-0.00219
-0.00262
-0.00269
-0.00173
-0.00083
0.00151
-0.00010
-0.00035
-0.00010
0.00011
-0.00111
0.00224
0.00244
-0.00073
0.00012
-0.00100
-0.00179
-0.00167
-0.00263
-0.00028
-0.00141
-0.00024
-0.00096
-0.00007
-0.00269
0.00020
0.00067
-0.00218
0.00230
0.00063
0.00139
0.00040
0.00246
0.00019
-0.00159
0.00002
-0.00125
-0.00109
-0.00329
-0.00305
-0.00019
-0.00190
0.00112
0.00318
0.00256
0.00328
0.00413
0.00527
0.00262
0.00426
0.00259
0.00470
0.00050
-0.00052
0.00074
-0.00154
-0.00145
-0.00389
-0.00408
-0.00471
-0.00310
-0.00425
-0.00309
-0.00158
-0.00070
0.00057
-0.00075
0.00277
0.00081
-0.00132
-0.00054
-0.00049
0.00236
-0.00121
0.00084
-0.00363
-0.00255
0.00056
-0.00185
-0.00159
-0.00081
-0.00193
-0.00049
0.00079
0.00013
0.00173
-0.00078
-0.00074
-0.00059
-0.00015
-0.00071
0.00307
-0.00212
0.00002
0.00061
-0.00002
-0.00068
-0.00056
0.00274
0.00142
0.00257
0.00048
0.00021
-0.00043
-0.00098
0.00266
0.00206
-0.00229
-0.00152
-0.00083
0.00005
-0.00120
-0.00167
-0.00164
0.00202
0.00052
-0.00076
-0.00041
-0.00062
0.00242
0.00014
0.00133
0.00209
-0.00058
0.00141
0.00055
-0.00077
-0.00494
-0.00188
-0.00400
-0.00560
-0.00298
-0.00316
-0.00525
-0.00455
-0.00208
-0.00074
0.00038
-0.00083
0.00064
0.00239
0.00374
0.00507
0.00339
0.00370
-0.00088
0.00244
0.00258
-0.00117
-0.00580
-0.00340
-0.00073
0.00269
-0.00034
-0.00061
-0.00040
0.00096
0.00257
0.00016
-0.00427
-0.00230
-0.00310
-0.00517
-0.00278
-0.00611
-0.00299
-0.00195
-0.00128
0.00032
0.00486
0.00464
0.00776
0.01072
0.01614
0.01549
0.01255
0.00851
0.00798
0.00505
0.00231
-0.00633
-0.01098
-0.01514
-0.01202
-0.01332
-0.01859
-0.01488
-0.00667
0.00004
0.00517
0.01082
0.01430
0.02453
0.02952
0.03216
0.02978
0.02629
0.02248
0.01728
0.00589
-0.00528
-0.01154
-0.01930
-0.02544
-0.03085
-0.03272
-0.02943
-0.02697
-0.01772
-0.01196
-0.00318
0.00733
0.01658
0.02150
0.02750
0.02790
0.02897
0.02000
0.01549
0.00965
0.00250
-0.00037
-0.00633
-0.01219
-0.00922
-0.00582
-0.00637
-0.00381
-0.00016
0.00551
0.00679
0.00800
0.00723
0.00410
0.00311
0.00027
-0.00111
0.00027
0.00472
0.00883
0.01538
0.01947
0.02972
0.03622
0.04278
0.04411
0.04481
0.04228
0.03404
0.02418
0.00961
-0.00936
-0.02483
-0.04050
-0.05766
-0.06470
-0.06662
-0.06862
-0.06258
-0.04502
-0.02571
0.00194
0.02175
0.04390
0.06122
0.07620
0.08392
0.08696
0.07722
0.06509
0.05098
0.03286
0.00433
-0.01969
-0.04292
-0.06125
-0.07378
-0.08621
-0.08925
-0.08708
-0.07821
-0.06015
-0.04109
-0.01612
0.00924
0.02960
0.04907
0.06393
0.07230
0.07566
0.07333
0.06610
0.04997
0.03564
0.02081
-0.00121
-0.02083
-0.03645
-0.04767
-0.05509
-0.05910
-0.06260
-0.05591
-0.04501
-0.03141
-0.01620
-0.00349
0.01123
0.02545
0.03427
0.03560
0.03764
0.03228
0.02973
0.02128
0.00964
0.00088
-0.01000
-0.01461
-0.01954
-0.02769
-0.02655
-0.02461
-0.02058
-0.01188
-0.00499
-0.00012
0.00966
0.01553
0.02272
0.02092
0.02055
0.01600
0.00889
0.00553
-0.00119
-0.01246
-0.01636
-0.02249
-0.02377
-0.02403
-0.02237
-0.02063
-0.01469
-0.00497
0.00154
0.00514
0.01183
0.01940
0.02256
0.02530
0.02343
0.02274
0.01873
0.01511
0.00697
0.00521
-0.00247
-0.00707
-0.00939
-0.01093
-0.01232
-0.01247
-0.01087
-0.00782
-0.00152
-0.00295
0.00049
0.00752
0.01053
0.01274
0.01364
0.01086
0.00878
0.00868
0.00828
0.00438
-0.00030
-0.00417
-0.00482
-0.00233
-0.00391
-0.00563
-0.00711
-0.00444
-0.00277
-0.00049
0.00091
0.00083
0.00426
0.00411
0.00475
0.00554
0.00120
0.00233
-0.00047
-0.00027
-0.00349
-0.00310
-0.00691
-0.00620
-0.00577
-0.00531
-0.00334
-0.00393
-0.00129
0.00170
0.00413
0.00553
0.00869
0.00672
0.00511
0.00675
0.00600
0.00417
0.00372
0.00375
0.00273
0.00336
0.00031
-0.00134
-0.00250
0.00164
-0.00064
0.00019
0.00107
-0.00111
-0.00241
0.00081
-0.00105
0.00371
-0.00061
0.00122
-0.00126
0.00012
0.00070
-0.00073
-0.00030
-0.00110
-0.00005
-0.00325
-0.00061
-0.00195
-0.00396
-0.00467
-0.00517
-0.00587
-0.00409
-0.00324
-0.00511
-0.00412
-0.00257
-0.00374
-0.00304
0.00045
-0.00277
0.00329
0.00105
0.00400
0.00365
0.00330
0.00296
0.00403
0.00678
0.00388
0.00364
0.00197
0.00338
-0.00074
0.00044
-0.00370
-0.00573
-0.00286
-0.00178
-0.00232
-0.00291
-0.00372
-0.00294
0.00047
-0.00107
0.00115
0.00207
-0.00017
0.00331
-0.00265
0.00099
-0.00030
0.00114
0.00138
-0.00254
-0.00167
-0.00177
-0.00139
0.00172
0.00257
0.00128
0.00457
0.00616
0.00587
0.00502
0.00480
0.00529
0.00439
0.00230
-0.00446
-0.00390
-0.00440
-0.00667
-0.01070
-0.00969
-0.00926
-0.00924
-0.00365
-0.00148
0.00487
0.00871
0.01653
0.01724
0.02303
0.02040
0.02067
0.01912
0.01776
0.01219
0.00530
0.00231
-0.00338
-0.00869
-0.01452
-0.01625
-0.01410
-0.01255
-0.00982
-0.00829
-0.00336
0.00426
0.00888
0.01220
0.01892
0.02214
0.02646
0.02389
0.01972
0.01816
0.01361
0.00547
-0.00096
-0.00628
-0.01138
-0.01187
-0.01574
-0.01481
-0.01610
-0.00721
-0.00212
0.00524
0.01349
0.01894
0.02727
0.03229
0.03490
0.03110
0.02619
0.02408
0.01327
0.00064
-0.01278
-0.02161
-0.03185
-0.04119
-0.04824
-0.04900
-0.04506
-0.03893
-0.02361
-0.00238
0.01443
0.03595
0.05426
0.07327
0.08508
0.08928
0.08498
0.07489
0.05939
0.03649
0.00619
-0.02121
-0.05001
-0.07410
-0.09600
-0.10839
-0.11728
-0.11666
-0.10244
-0.08042
-0.04989
-0.01476
0.02178
0.05442
0.08997
0.11092
0.12358
0.12685
0.12273
0.11092
0.08331
0.05482
0.01753
-0.01435
-0.04791
-0.07417
-0.09851
-0.10934
-0.12236
-0.11227
-0.10147
-0.08275
-0.05802
-0.03017
0.00019
0.02687
0.05216
0.06957
0.07949
0.08373
0.08399
0.07157
0.05786
0.04066
0.01875
0.00582
-0.01152
-0.02817
-0.03764
-0.04291
-0.04561
-0.04451
-0.04087
-0.03200
-0.02052
-0.01149
-0.00232
0.01050
0.01508
0.01772
0.02404
0.02325
0.02145
0.01325
0.00816
0.00468
-0.00307
-0.00778
-0.01256
-0.01520
-0.02061
-0.01879
-0.01761
-0.01457
-0.00535
-0.00615
0.00075
0.00805
0.01288
0.01544
0.01235
0.01861
0.01614
0.01224
0.01403
0.00773
0.00603
0.00575
0.00081
0.00000
