0.00000
-0.00792
0.01534
-0.00852
-0.03005
-0.01752
0.01089
0.03432
0.04741
0.04258
0.02501
0.00301
-0.02244
-0.04063
-0.05246
-0.05416
-0.04557
-0.02945
-0.01618
0.00260
0.01548
0.02944
0.03870
0.04013
0.03891
0.03704
0.03231
0.02751
0.02340
0.01897
0.01405
0.00866
0.00528
0.00232
-0.00001
-0.00239
-0.00440
-0.00502
-0.00526
-0.00528
-0.00082
-0.00055
0.00115
-0.00046
0.00016
-0.00026
0.00028
-0.00050
-0.00067
0.00118
0.00072
-0.00225
-0.00025
-0.00097
0.00048
-0.00076
-0.00187
-0.00005
0.00105
0.00073
-0.00180
-0.00021
-0.00118
-0.00088
-0.00159
-0.00091
0.00055
0.00111
-0.00070
-0.00129
-0.00008
0.00063
0.00147
-0.00118
-0.00000
0.00125
0.00115
0.00215
0.00206
0.00029
0.00149
0.00257
0.00207
0.00109
-0.00236
-0.00258
-0.00263
-0.00022
0.00158
-0.00040
0.00221
-0.00082
-0.00163
-0.00061
-0.00202
-0.00126
0.00200
0.00114
-0.00016
0.00183
0.00278
0.00240
0.00239
0.00191
0.00037
0.00147
0.00114
0.00038
0.00187
0.00337
0.00022
-0.00248
-0.00181
0.00118
-0.00069
0.00094
-0.00045
0.00060
-0.00089
0.00093
-0.00091
0.00042
0.00031
0.00010
-0.00007
-0.00022
-0.00032
-0.00014
0.00035
0.00054
0.00066
-0.00064
0.00006
-0.00130
-0.00015
0.00154
-0.00029
-0.00031
-0.00099
0.00087
0.00094
0.00100
0.00027
-0.00080
-0.00024
-0.00099
-0.00007
0.00015
-0.00035
-0.00008
0.00085
-0.00112
0.00054
0.00144
-0.00157
0.00129
-0.00016
-0.00078
0.00023
-0.00168
-0.00141
0.00099
0.00056
0.00068
0.00108
0.00283
0.00353
0.00143
0.00300
-0.00063
-0.00190
-0.00281
-0.00278
-0.00302
-0.00253
-0.00210
0.00223
0.00275
0.00251
0.00246
0.00208
0.00255
0.00198
0.00127
0.00063
-0.00241
-0.00452
-0.00260
-0.00126
0.00190
0.00252
0.00023
0.00036
-0.00191
0.00074
-0.00068
0.00146
-0.00094
0.00099
-0.00088
0.00007
0.00011
0.00018
-0.00047
-0.00115
-0.00175
-0.00046
0.00011
-0.00258
-0.00303
0.00024
-0.00052
-0.00143
0.00115
-0.00013
-0.00110
-0.00264
0.00029
0.00255
0.00607
0.00468
0.00342
0.00602
0.00703
0.00439
0.00405
0.00467
0.00292
0.00184
0.00130
0.00157
-0.00000
0.00066
0.00371
0.00511
0.00492
0.00070
0.00184
0.00017
0.00278
0.00291
0.00310
0.00174
0.00144
0.00071
0.00166
0.00147
-0.00009
0.00192
-0.00303
-0.00077
-0.00209
-0.00104
-0.00053
0.00217
0.00069
0.00086
0.00239
0.00017
0.00105
-0.00244
0.00072
-0.00036
-0.00006
-0.00043
-0.00182
0.00018
-0.00123
0.00083
-0.00188
-0.00096
-0.00226
-0.00123
0.00110
-0.00067
-0.00069
0.00102
-0.00192
0.00121
0.00016
0.00083
-0.00101
-0.00017
-0.00027
-0.00099
0.00232
-0.00038
-0.00196
0.00051
0.00115
0.00038
-0.00034
0.00018
0.00077
0.00092
0.00141
0.00114
-0.00066
-0.00018
0.00037
-0.00121
0.00167
0.00191
-0.00169
-0.00001
0.00084
0.00165
0.00027
0.00205
-0.00025
-0.00102
0.00087
0.00122
0.00124
0.00010
0.00001
0.00113
-0.00035
-0.00151
-0.00106
-0.00023
0.00053
0.00086
0.00103
0.00064
0.00021
-0.00132
-0.00071
0.00131
0.00090
-0.00032
0.00020
-0.00013
-0.00074
0.00123
-0.00066
0.00023
0.00069
-0.00038
0.00059
-0.00111
0.00141
-0.00048
-0.00156
-0.00099
0.00145
-0.00035
-0.00115
0.00010
0.00017
0.00000
0.00097
-0.00033
-0.00168
0.00136
0.00101
-0.00060
-0.00014
-0.00056
0.00116
-0.00072
-0.00122
0.00088
0.00035
0.00083
-0.00057
0.00069
0.00053
0.00098
0.00095
-0.00124
0.00086
0.00139
0.00100
0.00005
-0.00180
-0.00217
-0.00117
0.00146
0.00165
0.00035
-0.00048
-0.00040
0.00141
-0.00158
-0.00113
-0.00004
-0.00194
0.00074
-0.00017
0.00069
0.00045
0.00004
0.00072
-0.00006
0.00077
0.00084
-0.00044
-0.00014
-0.00060
0.00025
-0.00002
0.00046
-0.00029
0.00061
-0.00080
-0.00055
0.00029
0.00096
-0.00112
-0.00026
0.00057
0.00115
-0.00035
0.00013
-0.00014
-0.00121
-0.00015
0.00071
0.00143
0.00027
0.00074
0.00115
0.00020
0.00149
0.00143
0.00050
-0.00083
-0.00038
0.00007
0.00066
-0.00047
0.00144
-0.00014
0.00044
0.00041
0.00108
0.00076
0.00028
-0.00041
-0.00008
-0.00101
0.00004
0.00072
0.00056
-0.00013
-0.00010
0.00014
0.00146
0.00111
-0.00069
0.00100
-0.00163
-0.00141
-0.00190
-0.00114
0.00093
0.00233
-0.00005
0.00212
0.00014
0.00281
0.00039
-0.00181
-0.00010
-0.00052
-0.00060
0.00001
0.00027
0.00132
0.00192
0.00062
0.00328
0.00302
0.00154
0.00007
0.00173
0.00063
0.00100
0.00217
0.00174
0.00147
0.00122
-0.00001
-0.00018
-0.00252
-0.00192
0.00009
0.00019
0.00144
-0.00001
0.00067
0.00026
0.00051
0.00090
0.00007
0.00030
-0.00033
-0.00065
0.00095
0.00099
-0.00114
-0.00090
-0.00022
0.00154
0.00067
0.00060
0.00027
-0.00206
0.00016
-0.00016
0.00069
0.00080
0.00055
0.00246
-0.00016
-0.00142
-0.00048
-0.00191
-0.00159
-0.00134
0.00059
0.00088
0.00103
0.00228
0.00048
-0.00058
-0.00141
0.00026
0.00006
0.00135
0.00055
-0.00085
-0.00129
0.00173
-0.00213
0.00242
0.00057
0.00106
0.00170
0.00277
0.00215
0.00208
0.00138
0.00197
-0.00080
0.00120
-0.00028
0.00033
-0.00087
-0.00012
0.00082
0.00101
-0.00077
0.00063
0.00104
-0.00072
-0.00110
0.00189
0.00137
0.00311
0.00263
0.00303
0.00145
0.00025
-0.00319
-0.00733
-0.01030
-0.01621
-0.02364
-0.02396
-0.02828
-0.02876
-0.03181
-0.02959
-0.02965
-0.02351
-0.02071
-0.00926
0.00211
0.00950
0.02015
0.03536
0.05360
0.07057
0.08461
0.09704
0.10980
0.11704
0.12000
0.12018
0.11890
0.11133
0.10091
0.09000
0.07541
0.05536
0.03658
0.01423
-0.00778
-0.03471
-0.05928
-0.08678
-0.11436
-0.14379
-0.17210
-0.19824
-0.22557
-0.24745
-0.27571
-0.29903
-0.32281
-0.34526
-0.36646
-0.38469
-0.40296
-0.41592
-0.42659
-0.43603
-0.44214
-0.44450
-0.44540
-0.44161
-0.43826
-0.43272
-0.42638
-0.41758
-0.41307
-0.40905
-0.40731
-0.40884
-0.41081
-0.41586
-0.42659
-0.43779
-0.45687
-0.47355
-0.49402
-0.51806
-0.54713
-0.57487
-0.60323
-0.63518
-0.66484
-0.69265
-0.71944
-0.74071
-0.75972
-0.77391
-0.78064
-0.78189
-0.77225
-0.75896
-0.73139
-0.68738
-0.63230
-0.57779
-0.52647
-0.47487
-0.42389
-0.37166
-0.32241
-0.27414
-0.22537
-0.17574
-0.12635
-0.07552
-0.02528
0.02406
0.07728
0.13106
0.18607
0.24281
0.29964
0.35979
0.42363
0.48811
0.55389
0.62618
0.69836
0.77370
0.85321
0.93222
1.00817
1.08604
1.16276
1.23383
1.30148
1.36821
1.42849
1.48535
1.53836
1.58886
1.63622
1.67697
1.71578
1.74880
1.77917
1.80445
1.82720
1.84586
1.85988
1.87363
1.88035
1.88679
1.89161
1.88916
1.88699
1.88426
1.87751
1.86860
1.85848
1.84850
1.83682
1.82361
1.80885
1.79306
1.77645
1.75670
1.73708
1.71462
1.68855
1.65973
1.62623
1.59325
1.55400
1.51427
1.47194
1.42367
1.36922
1.30714
1.23662
1.15529
1.06454
0.96176
0.84324
0.70784
0.55779
0.38928
0.20358
0.00106
-0.21916
-0.45530
-0.71318
-0.98393
-1.27478
-1.58077
-1.89414
-2.21318
-2.53449
-2.84887
-3.15582
-3.45296
-3.74647
-4.04268
-4.33311
-4.61249
-4.87550
-5.11714
-5.32562
-5.49744
-5.63141
-5.72438
-5.77237
-5.77579
-5.72745
-5.63144
-5.48121
-5.27399
-5.01476
-4.69881
-4.32436
-3.89180
-3.38919
-2.82512
-2.20614
-1.54168
-0.84140
-0.11407
0.63178
1.38676
2.15219
2.92007
3.67791
4.41359
5.09721
5.75715
6.43627
6.96087
6.94958
6.62271
6.73185
7.21150
7.22160
6.97443
7.19729
7.36961
7.15614
7.19121
7.62554
7.79848
7.45847
7.17066
7.20965
7.40202
7.61282
7.92064
8.23206
8.26089
7.88115
7.13263
6.10451
4.87159
3.58420
2.36830
1.22317
0.10543
-0.98878
-2.05090
-3.06038
-4.02428
-5.03864
-6.12918
-7.13843
-7.76483
-7.76881
-7.33850
-7.02123
-7.04464
-7.09167
-6.97613
-6.94425
-7.05858
-7.05520
-6.88385
-6.85443
-6.97964
-6.96330
-6.83378
-6.85378
-6.96190
-6.95755
-6.85571
-6.78857
-6.77111
-6.78036
-6.81424
-6.81987
-6.70338
-6.40572
-5.92365
-5.26093
-4.45039
-3.55435
-2.64020
-1.74965
-0.90510
-0.12742
0.58984
1.29608
2.09255
2.94226
3.79175
4.71005
5.59237
6.20975
6.49091
6.56378
6.52500
6.38308
6.27102
6.32999
6.44365
6.42023
6.33151
6.35001
6.40111
6.34829
6.28809
6.31452
6.33112
6.30333
6.29558
6.31577
6.32526
6.31852
6.30289
6.24994
6.12752
5.93599
5.66706
5.30665
4.86873
4.39176
3.88298
3.36415
2.85992
2.36555
1.86825
1.36310
0.84064
0.30661
-0.20335
-0.68980
-1.19558
-1.69132
-2.14797
-2.63568
-3.16283
-3.65247
-4.10140
-4.54674
-4.94904
-5.28286
-5.57709
-5.83233
-6.02941
-6.17568
-6.29221
-6.37086
-6.41279
-6.43376
-6.43584
-6.41668
-6.37395
-6.30960
-6.22411
-6.11354
-5.97833
-5.81957
-5.64240
-5.44319
-5.22600
-4.99200
-4.74054
-4.47769
-4.19561
-3.90156
-3.59140
-3.27130
-2.93571
-2.59460
-2.24563
-1.89226
-1.53925
-1.18531
-0.83258
-0.48948
-0.15210
0.17275
0.48468
0.78856
1.07729
1.35427
1.62078
1.87015
2.10721
2.33422
2.53845
2.73396
2.91121
3.07588
3.22749
3.36710
3.49289
3.60652
3.70932
3.79735
3.87634
3.93935
3.98852
4.02920
4.05762
4.07575
4.08451
4.08266
4.07195
4.05651
4.03520
4.00656
3.97393
3.93656
3.90090
3.85669
3.81207
3.76100
3.70762
3.65017
3.58840
3.52295
3.45528
3.37902
3.30202
3.22082
3.13278
3.04234
2.94913
2.85202
2.75144
2.64794
2.54637
2.44297
2.33846
2.23210
2.12670
2.01204
1.89804
1.78144
1.66113
1.53959
1.41319
1.28330
1.15161
1.01449
0.87830
0.73864
0.60066
0.46086
0.32639
0.19305
0.06049
-0.06519
-0.18724
-0.30736
-0.41989
-0.52796
-0.63148
-0.72978
-0.82179
-0.91233
-0.99822
-1.07910
-1.15848
-1.23059
-1.29586
-1.35561
-1.41177
-1.45655
-1.49819
-1.53151
-1.55624
-1.57479
-1.58440
-1.58569
-1.57748
-1.56250
-1.54098
-1.51033
-1.47029
-1.43268
-1.38282
-1.33314
-1.27667
-1.21632
-1.15282
-1.08471
-1.01499
-0.94261
-0.86527
-0.78542
-0.70276
-0.61514
-0.52486
-0.43357
-0.34007
-0.24640
-0.14739
-0.05365
0.04189
0.13490
0.22489
0.30970
0.39171
0.46629
0.53492
0.59936
0.65610
0.70910
0.75444
0.79848
0.83431
0.86619
0.89740
0.92290
0.94388
0.95800
0.96955
0.97758
0.97967
0.97570
0.96933
0.95615
0.93851
0.91391
0.88550
0.85366
0.81617
0.77539
0.73221
0.68458
0.63779
0.58960
0.54479
0.49464
0.44871
0.39937
0.35161
0.30469
0.25468
0.20956
0.15930
0.10988
0.05776
0.00782
-0.04387
-0.09794
-0.15021
-0.20332
-0.25558
-0.30812
-0.36129
-0.40929
-0.45706
-0.50322
-0.54711
-0.58895
-0.63116
-0.66999
-0.70924
-0.74655
-0.78125
-0.82207
-0.85932
-0.89895
-0.93757
-0.97836
-1.02183
-1.05988
-1.09895
-1.13297
-1.16923
-1.19541
-1.21723
-1.23895
-1.25348
-1.26500
-1.27311
-1.27619
-1.27575
-1.27077
-1.26393
-1.25144
-1.23838
-1.21975
-1.20254
-1.17913
-1.15392
-1.12350
-1.09316
-1.05909
-1.01909
-0.97674
-0.92873
-0.87676
-0.81863
-0.75721
-0.69200
-0.62339
-0.55088
-0.47685
-0.39879
-0.31901
-0.24298
-0.16319
-0.08405
-0.00215
0.07674
0.15501
0.23468
0.31105
0.38943
0.46944
0.54847
0.62645
0.70667
0.78635
0.86259
0.94260
1.01940
1.09659
1.16919
1.24019
1.30689
1.37017
1.43089
1.48383
1.53687
1.58222
1.62338
1.66250
1.69418
1.72168
1.74560
1.76844
1.78827
1.80249
1.81508
1.82473
1.83052
1.83323
1.83075
1.82417
1.81606
1.79961
1.78220
1.75973
1.73356
1.70310
1.66951
1.63549
1.59702
1.55838
1.51836
1.47724
1.43681
1.39755
1.35814
1.31767
1.28222
1.24448
1.20663
1.17075
1.13493
1.09686
1.05821
1.01877
0.98073
0.94006
0.89756
0.85871
0.82018
0.78328
0.74667
0.71365
0.68199
0.65105
0.62423
0.59691
0.57551
0.55297
0.53606
0.51704
0.50119
0.48732
0.46986
0.45547
0.44210
0.42817
0.41389
0.39932
0.38790
0.37559
0.36500
0.35914
0.35196
0.34624
0.34242
0.34152
0.34334
0.34554
0.34645
0.34923
0.35481
0.35444
0.35956
0.35781
0.35652
0.35574
0.35321
0.34744
0.34258
0.33496
0.33121
0.32436
0.31986
0.31345
0.30712
0.30756
0.30080
0.29641
0.29653
0.29220
0.28673
0.27983
0.27253
0.26229
0.25285
0.23845
0.22411
0.20884
0.19030
0.16936
0.14873
0.12941
0.10872
0.08817
0.06761
0.04903
0.02824
0.00988
-0.00690
-0.02124
-0.03652
-0.05191
-0.06322
-0.07667
-0.08803
-0.09738
-0.10597
-0.11500
-0.12214
-0.12756
-0.13073
-0.13281
-0.13384
-0.13063
-0.12652
-0.12120
-0.11408
-0.10326
-0.09279
-0.08061
-0.06944
-0.05992
-0.04984
-0.03750
-0.02976
-0.02678
-0.02331
-0.02247
-0.02584
-0.02958
-0.04282
-0.05618
-0.07559
-0.10120
-0.12915
-0.16146
-0.19655
-0.23328
-0.27283
-0.30980
-0.34649
-0.37792
-0.39907
-0.41290
-0.41658
-0.40924
-0.40005
-0.40044
-0.39418
-0.38632
-0.38478
-0.38238
-0.38135
-0.37856
-0.37305
-0.36469
-0.35538
-0.34455
-0.33010
-0.31300
-0.29629
-0.27776
-0.25930
-0.23786
-0.21719
-0.19714
-0.17861
-0.15990
-0.13861
-0.12152
-0.10182
-0.08320
-0.06162
-0.04276
-0.02020
0.00121
0.02603
0.05168
0.07478
0.10075
0.12455
0.14588
0.16579
0.18380
0.19922
0.21311
0.22419
0.23617
0.24628
0.25560
0.26629
0.27263
0.27484
0.27297
0.27162
0.26745
0.26738
0.26846
0.26478
0.26740
0.26783
0.26770
0.26704
0.26602
0.26063
0.25699
0.24850
0.23960
0.23103
0.21879
0.20478
0.19007
0.17371
0.15924
0.14487
0.12880
0.11190
0.09673
0.08428
0.07064
0.05311
0.03927
0.02667
0.01528
0.00174
-0.01307
-0.02696
-0.04136
-0.05546
-0.06963
-0.08770
-0.10107
-0.11731
-0.12989
-0.14508
-0.16040
-0.17425
-0.18841
-0.19915
-0.20972
-0.21475
-0.21651
-0.21335
-0.21365
-0.21420
-0.21454
-0.21438
-0.21199
-0.20993
-0.20793
-0.20982
-0.20861
-0.20870
-0.20847
-0.20638
-0.20651
-0.20341
-0.19787
-0.19306
-0.18569
-0.17799
-0.16680
-0.15720
-0.14796
-0.13782
-0.12545
-0.11788
-0.10583
-0.09760
-0.08981
-0.07978
-0.07269
-0.06699
-0.06157
-0.05479
-0.04809
-0.04055
-0.02989
-0.01853
-0.00716
0.00607
0.02155
0.03533
0.04956
0.06459
0.08077
0.09226
0.10685
0.11654
0.12608
0.13456
0.14170
0.14955
0.15627
0.15870
0.15851
0.15507
0.14813
0.14254
0.14238
0.14984
0.15268
0.15137
0.14533
0.14118
0.14558
0.15115
0.15025
0.13525
0.12240
0.10578
0.09434
0.08180
0.07322
0.06694
0.06234
0.05958
0.05726
0.05962
0.06260
0.06747
0.07229
0.07644
0.07943
0.08473
0.08992
0.09176
0.09310
0.09320
0.09161
0.08777
0.08314
0.07269
0.06237
0.05121
0.03758
0.02391
0.01373
0.00255
-0.00725
-0.01647
-0.02388
-0.03033
-0.03620
-0.04185
-0.04737
-0.05001
-0.05305
-0.05727
-0.05847
-0.06372
-0.06900
-0.07241
-0.07943
-0.08094
-0.08803
-0.08998
-0.09537
-0.09840
-0.10184
-0.10359
-0.10542
-0.10625
-0.10703
-0.10756
-0.10894
-0.10483
-0.10305
-0.10005
-0.09897
-0.09805
-0.09850
-0.09656
-0.09695
-0.09554
-0.09549
-0.09360
-0.09193
-0.08931
-0.08618
-0.08043
-0.07262
-0.06375
-0.05624
-0.04736
-0.03882
-0.02781
-0.02122
-0.01376
-0.00911
-0.00478
-0.00166
0.00036
0.00038
-0.00225
-0.00433
-0.00517
-0.00338
-0.00466
-0.00315
0.00105
0.00323
0.00781
0.01597
0.01972
0.02387
0.03110
0.03393
0.03716
0.03938
0.03972
0.03688
0.03376
0.03042
0.02601
0.02113
0.01630
0.01342
0.00973
0.00567
0.00570
0.00533
0.00418
0.00471
0.00750
0.00802
0.01044
0.01165
0.01317
0.01253
0.01148
0.01109
0.01063
0.00929
0.00679
0.00437
0.00374
0.00176
-0.00102
-0.00380
-0.00322
-0.00336
-0.00616
-0.00351
-0.00193
-0.00023
0.00347
0.00657
0.00846
0.01082
0.01383
0.01365
0.01407
0.01348
0.01289
0.01049
0.00609
0.00114
-0.00160
-0.00160
-0.00329
-0.00974
-0.01069
-0.01420
-0.01641
-0.02041
-0.02101
-0.02382
-0.02334
-0.02181
-0.02118
-0.02030
-0.01831
-0.01565
-0.01569
-0.01635
-0.01940
-0.02287
-0.02601
-0.02691
-0.03070
-0.03087
-0.02875
-0.02587
-0.02144
-0.01834
-0.01528
-0.01068
-0.00742
-0.00630
-0.00157
-0.00020
0.00110
0.00314
0.00216
0.00198
0.00392
0.00257
0.00404
0.00302
0.00134
0.00211
0.00326
0.00542
0.00852
0.00997
0.01200
0.01725
0.02073
0.02547
0.02899
0.03003
0.03391
0.03374
0.03577
0.03768
0.03501
0.03510
0.03140
0.02770
0.02342
0.01895
0.01299
0.00665
0.00542
0.00530
0.00310
0.00332
0.00426
0.00694
0.00915
0.01302
0.01949
0.02007
0.02553
0.02842
0.03073
0.03077
0.03148
0.02856
0.02667
0.02347
0.01880
0.01214
0.00832
0.00471
0.00059
-0.00067
-0.00074
-0.00322
-0.00171
0.00054
0.00135
-0.00018
-0.00039
-0.00353
-0.00791
-0.01153
-0.01563
-0.02267
-0.02408
-0.02305
-0.02584
-0.02199
-0.02005
-0.02083
-0.02318
-0.02228
-0.02662
-0.02730
-0.02848
-0.02974
-0.02749
-0.02966
-0.02550
-0.02278
-0.01632
-0.01416
-0.00799
-0.00462
-0.00260
0.00016
0.00009
-0.00309
-0.01139
-0.01489
-0.00754
-0.01040
-0.00701
-0.00017
-0.00488
-0.00263
-0.00247
-0.00207
-0.00230
-0.00141
-0.00121
-0.00209
-0.00187
-0.00030
0.00029
0.00086
0.00058
-0.00231
-0.00661
-0.00138
0.00132
0.00766
0.01203
0.01474
0.01483
0.01386
0.01539
0.01358
0.01730
0.02167
0.01831
0.01514
0.01111
0.00826
0.00624
0.00402
0.00354
0.00555
0.00870
0.01292
0.01463
0.01777
0.02255
0.02452
0.02679
0.03019
0.03086
0.03202
0.02736
0.02554
0.02657
0.02295
0.02234
0.02282
0.01848
0.01869
0.01802
0.01477
0.01561
0.01661
0.01606
0.01254
0.01423
0.01683
0.01925
0.02050
0.02302
0.02492
0.02272
0.02187
0.02036
0.01695
0.01210
0.00775
0.00189
-0.00287
-0.00688
-0.00884
-0.01247
-0.01542
-0.01682
-0.02017
-0.01950
-0.01898
-0.01788
-0.01820
-0.02024
-0.01923
-0.01742
-0.01545
-0.01393
-0.01659
-0.01847
-0.01735
-0.01922
-0.01748
-0.01911
-0.01929
-0.01973
-0.01891
-0.02128
-0.02193
-0.02267
-0.02069
-0.01544
-0.01201
-0.00680
-0.00380
0.00382
0.00823
0.01088
0.01145
0.00819
0.00592
0.00413
0.00335
0.00630
0.00633
0.00507
0.00189
0.00238
0.00106
0.00165
0.00132
-0.00101
0.00027
0.00086
0.00063
0.00092
0.00093
-0.00108
0.00147
0.00022
0.00001
-0.00114
0.00101
-0.00087
0.00093
-0.00137
-0.00144
0.00008
-0.00129
-0.00046
-0.00066
0.00084
0.00106
0.00133
0.00251
0.00093
0.00126
0.00276
0.00308
0.00128
0.00164
0.00234
0.00238
0.00215
0.00099
0.00321
0.00272
0.00047
0.00298
0.00208
0.00334
0.00640
0.00852
0.01258
0.01488
0.00249
-0.00862
-0.01777
-0.02181
-0.02262
-0.02004
-0.01176
0.00101
0.01791
0.03972
0.06214
0.08584
0.11528
0.14343
0.16948
0.19981
0.22748
0.25580
0.28569
0.31426
0.34153
0.36640
0.39418
0.41588
0.43683
0.45604
0.47220
0.48769
0.49726
0.50916
0.51878
0.52614
0.53426
0.54149
0.54579
0.55194
0.55737
0.56042
0.56124
0.56623
0.56536
0.56646
0.56535
0.56256
0.55865
0.55311
0.54943
0.53962
0.52901
0.52030
0.50778
0.49442
0.48034
0.46580
0.44969
0.43423
0.41875
0.40192
0.38741
0.37079
0.35264
0.33553
0.32004
0.30145
0.28415
0.26691
0.24801
0.23044
0.21197
0.19549
0.17788
0.15902
0.14230
0.12858
0.11485
0.10318
0.09368
0.08168
0.07299
0.06722
0.06005
0.05401
0.04519
0.03819
0.03199
0.02198
0.01067
0.00095
-0.01261
-0.02793
-0.04363
-0.06025
-0.08023
-0.10099
-0.12680
-0.14948
-0.17818
-0.20728
-0.23991
-0.27501
-0.31355
-0.35392
-0.40112
-0.44983
-0.50272
-0.55855
-0.62188
-0.68588
-0.75401
-0.82484
-0.89875
-0.97312
-1.05024
-1.12580
-1.20447
-1.27726
-1.35204
-1.42222
-1.48861
-1.54932
-1.60328
-1.65282
-1.69450
-1.72807
-1.75491
-1.76725
-1.77338
-1.76695
-1.74953
-1.72101
-1.67970
-1.62351
-1.55734
-1.47380
-1.37619
-1.26352
-1.13430
-0.99122
-0.83259
-0.65972
-0.46992
-0.26778
-0.05322
0.17297
0.40467
0.64829
0.89631
1.14683
1.39894
1.65255
1.90035
2.14738
2.38589
2.61624
2.84233
3.04962
3.23970
3.41667
3.58130
3.73604
3.87957
4.01354
4.12688
4.22438
4.30191
4.35414
4.38249
4.38574
4.36523
4.31847
4.24892
4.15011
4.03020
3.88791
3.72172
3.53608
3.33055
3.10418
2.85811
2.59308
2.30624
1.99974
1.67922
1.34283
0.99450
0.63650
0.27345
-0.09459
-0.47068
-0.84757
-1.22312
-1.59809
-1.97342
-2.33768
-2.69482
-3.04049
-3.37585
-3.69735
-3.99996
-4.28821
-4.55078
-4.79601
-5.01815
-5.22247
-5.41172
-5.58376
-5.74303
-5.87899
-5.98791
-6.07092
-6.12430
-6.15219
-6.15724
-6.13892
-6.09938
-6.03947
-5.95715
-5.84808
-5.71450
-5.55367
-5.37275
-5.16930
-4.94336
-4.69501
-4.42936
-4.14583
-3.84856
-3.53910
-3.21856
-2.89093
-2.55469
-2.21452
-1.87210
-1.52502
-1.18108
-0.83402
-0.49007
-0.14964
0.18294
0.50754
0.82135
1.12492
1.41925
1.70691
1.97536
2.23200
2.47278
2.69850
2.90072
3.08612
3.25288
3.40336
3.53386
3.64633
3.73946
3.81583
3.87301
3.91157
3.93549
3.94074
3.93181
3.90486
3.86318
3.80923
3.74130
3.66005
3.56547
3.46083
3.34641
3.22108
3.08911
2.95019
2.80229
2.65217
2.49423
2.33694
2.17816
2.01868
1.85747
1.69811
1.54137
1.38903
1.23546
1.09094
0.94555
0.80815
0.67184
0.54527
0.42063
0.30480
0.19294
0.08594
-0.01443
-0.10960
-0.19899
-0.28352
-0.36172
-0.43611
-0.50392
-0.56457
-0.62681
-0.67600
-0.72513
-0.77016
-0.80958
-0.84646
-0.87471
-0.90670
-0.93081
-0.95236
-0.97276
-0.99162
-1.00776
-1.02328
-1.04011
-1.05224
-1.06770
-1.08359
-1.09843
-1.11362
-1.12749
-1.14243
-1.15698
-1.17072
-1.18479
-1.20028
-1.21502
-1.23171
-1.24766
-1.26480
-1.27972
-1.29484
-1.30998
-1.32394
-1.33614
-1.34868
-1.35789
-1.36687
-1.37243
-1.37420
-1.37166
-1.36645
-1.35878
-1.34544
-1.33056
-1.30925
-1.28562
-1.25878
-1.22665
-1.19263
-1.15434
-1.11189
-1.06599
-1.02055
-0.96889
-0.91641
-0.85983
-0.80207
-0.74022
-0.67812
-0.61476
-0.55055
-0.48792
-0.42037
-0.35621
-0.28996
-0.22833
-0.16503
-0.10517
-0.05007
0.00137
0.05194
0.09801
0.13748
0.17084
0.20277
0.22596
0.24661
0.26010
0.26661
0.26973
0.26466
0.25539
0.23989
0.21926
0.19108
0.15975
0.11825
0.07446
0.02119
-0.03519
-0.09828
-0.16600
-0.24026
-0.31807
-0.39985
-0.48670
-0.57874
-0.67308
-0.76793
-0.87020
-0.97271
-1.07356
-1.17728
-1.28286
-1.38601
-1.49263
-1.59394
-1.69416
-1.79314
-1.89078
-1.98058
-2.07403
-2.15798
-2.23833
-2.31447
-2.38801
-2.45677
-2.51865
-2.57876
-2.63100
-2.68008
-2.72042
-2.75571
-2.78097
-2.80100
-2.81471
-2.82361
-2.82170
-2.82010
-2.81100
-2.79693
-2.77668
-2.74936
-2.71708
-2.67865
-2.63768
-2.58747
-2.53272
-2.47586
-2.40988
-2.33929
-2.26711
-2.18883
-2.10507
-2.01853
-1.92702
-1.83294
-1.74002
-1.63994
-1.53663
-1.43248
-1.33011
-1.22212
-1.11632
-1.00892
-0.90113
-0.79374
-0.68738
-0.58235
-0.47475
-0.37049
-0.26518
-0.16413
-0.06195
0.04066
0.13879
0.23584
0.33067
0.42399
0.51428
0.60110
0.68700
0.76669
0.84406
0.91657
0.98352
1.05127
1.11161
1.16844
1.22028
1.27116
1.31521
1.35796
1.39736
1.43354
1.46773
1.49738
1.52295
1.54651
1.56945
1.58825
1.60019
1.61425
1.62395
1.62938
1.63362
1.63507
1.63533
1.63100
1.62835
1.62360
1.61924
1.60965
1.60241
1.59009
1.58118
1.57207
1.56075
1.54709
1.53476
1.52232
1.50747
1.49119
1.47335
1.45883
1.44062
1.42078
1.40006
1.38164
1.36031
1.34062
1.31915
1.30002
1.27859
1.25722
1.23548
1.21711
1.19958
1.18004
1.15973
1.14130
1.12651
1.10998
1.09250
1.07671
1.06398
1.05333
1.04463
1.02801
1.01565
1.00747
0.99539
0.98634
0.97596
0.96770
0.96200
0.95430
0.94785
0.93828
0.93014
0.92657
0.91771
0.91190
0.90593
0.89965
0.89128
0.88419
0.87589
0.86483
0.85386
0.84537
0.83420
0.82009
0.80878
0.79483
0.78241
0.77028
0.75506
0.73876
0.72389
0.70690
0.69074
0.67224
0.65100
0.63258
0.61111
0.58679
0.56327
0.53634
0.51163
0.48180
0.45379
0.42479
0.39237
0.36184
0.33242
0.30406
0.27060
0.23837
0.20629
0.17673
0.14571
0.11483
0.08783
0.05814
0.02985
0.00545
-0.01676
-0.03841
-0.05699
-0.07180
-0.08337
-0.09335
-0.09878
-0.10304
-0.10352
-0.10420
-0.10050
-0.09439
-0.08537
-0.07760
-0.06788
-0.05678
-0.04645
-0.03857
-0.02931
-0.02041
-0.01546
-0.01063
-0.01021
-0.01025
-0.01460
-0.02095
-0.02893
-0.04438
-0.06198
-0.07883
-0.10151
-0.12645
-0.15426
-0.18118
-0.20871
-0.23343
-0.25039
-0.26293
-0.26326
-0.25898
-0.25291
-0.25767
-0.25889
-0.25951
-0.26005
-0.25889
-0.25771
-0.25369
-0.24940
-0.24243
-0.23773
-0.23129
-0.22226
-0.21132
-0.20144
-0.19138
-0.17837
-0.16689
-0.15750
-0.14552
-0.13310
-0.12075
-0.11107
-0.09824
-0.08530
-0.07517
-0.06204
-0.04818
-0.03830
-0.02789
-0.01823
-0.00576
0.00504
0.01763
0.02769
0.03801
0.04795
0.05787
0.06641
0.07550
0.08356
0.09062
0.09866
0.10417
0.10766
0.11285
0.11860
0.12357
0.12513
0.12618
0.13001
0.12926
0.13114
0.13258
0.13266
0.13090
0.13344
0.14444
0.14585
0.13667
0.12169
0.10565
0.09421
0.08264
0.07528
0.06540
0.05715
0.04969
0.04448
0.03968
0.03323
0.03002
0.02718
0.02227
0.02157
0.01736
0.01741
0.01243
0.00989
0.00716
0.00193
-0.00353
-0.00793
-0.01427
-0.01928
-0.02596
-0.02946
-0.03393
-0.03811
-0.04143
-0.04244
-0.04567
-0.04864
-0.04989
-0.05064
-0.05243
-0.05288
-0.05291
-0.05337
-0.05147
-0.05155
-0.05314
-0.05245
-0.05178
-0.05279
-0.05258
-0.05319
-0.05404
-0.05177
-0.05250
-0.05376
-0.05417
-0.05217
-0.05009
-0.04964
-0.04787
-0.04569
-0.04463
-0.04103
-0.04031
-0.03779
-0.03632
-0.03410
-0.03468
-0.03418
-0.03093
-0.03585
-0.03455
-0.03537
-0.03444
-0.03231
-0.03226
-0.02946
-0.02750
-0.02565
-0.02281
-0.01804
-0.01540
-0.00897
-0.00362
0.00048
0.00584
0.01169
0.01975
0.02594
0.02929
0.03583
0.04257
0.04794
0.05756
0.06304
0.06951
0.07819
0.08740
0.09405
0.10356
0.11404
0.12342
0.13219
0.14407
0.15395
0.16289
0.17356
0.18025
0.18711
0.19734
0.20267
0.20912
0.21305
0.21297
0.21399
0.21302
0.21035
0.20861
0.20389
0.19943
0.19400
0.18991
0.18252
0.17831
0.17418
0.16786
0.16155
0.15686
0.15354
0.14676
0.13983
0.13238
0.12520
0.11944
0.11045
0.09980
0.09115
0.07964
0.07051
0.05912
0.04680
0.03701
0.02519
0.01258
0.00393
-0.00611
-0.01870
-0.03040
-0.04095
-0.05133
-0.06133
-0.07289
-0.08098
-0.09146
-0.10056
-0.10773
-0.11323
-0.11498
-0.11870
-0.11990
-0.11950
-0.12132
-0.11867
-0.11317
-0.11003
-0.11013
-0.10945
-0.10836
-0.10614
-0.10117
-0.09966
-0.09607
-0.09880
-0.09590
-0.09484
-0.09047
-0.09145
-0.09003
-0.08867
-0.08659
-0.08572
-0.08203
-0.08193
-0.07301
-0.07157
-0.06612
-0.06089
-0.05904
-0.05562
-0.05386
-0.05151
-0.05199
-0.05007
-0.04841
-0.04741
-0.04618
-0.04214
-0.04056
-0.03796
-0.03209
-0.02515
-0.01411
-0.00234
0.00864
0.02305
0.03274
0.04201
0.04809
0.04982
0.04644
0.04185
0.03808
0.04284
0.04859
0.04657
0.04261
0.03421
0.03214
0.03308
0.03395
0.03535
0.03582
0.03238
0.02915
0.02733
0.02963
0.02941
0.02964
0.02697
0.02665
0.02407
0.02326
0.02122
0.01647
0.01350
0.01187
0.00837
0.00414
0.00168
-0.00077
-0.00488
-0.00744
-0.00754
-0.00657
-0.00539
-0.00657
-0.00334
-0.00407
-0.00228
-0.00392
-0.00270
-0.00202
-0.00262
-0.00155
-0.00093
-0.00337
-0.00350
-0.00366
-0.00137
-0.00264
-0.00224
-0.00273
-0.00385
-0.00115
-0.00111
-0.00327
-0.00276
-0.00166
-0.00438
-0.00247
-0.00137
-0.00337
-0.00427
-0.00142
-0.00110
0.00059
0.00112
-0.00098
-0.00039
-0.00049
-0.00090
-0.00149
-0.00124
-0.00298
-0.00166
-0.00123
0.00191
-0.00031
-0.00133
0.00062
0.00087
0.00012
0.00032
-0.00048
-0.00022
-0.00160
0.00089
0.00099
0.00110
0.00055
0.00078
0.00185
0.00039
0.00130
0.00103
0.00130
-0.00057
-0.00049
-0.00056
-0.00191
0.00027
0.00048
0.00013
0.00063
0.00165
0.00131
-0.00036
-0.00093
0.00048
-0.00140
0.00064
-0.00005
-0.00064
-0.00103
0.00072
0.00012
-0.00091
0.00123
0.00168
0.00016
-0.00013
0.00140
0.00131
-0.00108
-0.00064
0.00202
0.00026
-0.00040
0.00151
0.00182
0.00215
0.00003
-0.00001
-0.00167
-0.00087
-0.00059
0.00016
0.00068
0.00394
0.00230
0.00406
0.00358
0.00322
0.00226
0.00048
-0.00107
-0.00123
-0.00366
-0.00271
-0.00422
-0.00554
-0.00464
-0.00311
-0.00448
-0.00477
-0.00605
-0.00620
-0.00570
-0.00682
-0.00428
-0.00296
-0.00416
-0.00478
-0.00552
-0.00357
-0.00552
-0.00649
-0.00495
-0.00317
-0.00480
-0.00569
-0.00632
-0.00420
-0.00614
-0.00454
-0.00574
-0.00416
-0.00451
-0.00353
-0.00164
-0.00047
0.00096
0.00162
0.00158
0.00481
0.00450
0.00381
0.00562
0.00470
0.00593
0.00414
0.00344
0.00414
0.00319
0.00519
0.00467
0.00656
0.00416
0.00652
0.00574
0.00793
0.00736
0.00747
0.00751
0.00862
0.00795
0.00924
0.01003
0.00901
0.01004
0.01008
0.00966
0.01038
0.01128
0.00999
0.01094
0.01004
0.00970
0.01069
0.01155
0.00866
0.01151
0.01155
0.00874
0.00945
0.00904
0.01038
0.00972
0.01079
0.01145
0.01054
0.00947
0.01059
0.01035
0.00815
0.00735
0.00868
0.00963
0.00844
0.00766
0.00536
0.00489
0.00672
0.00660
0.00561
0.00473
0.00172
-0.00018
0.00378
0.00404
0.00191
-0.00008
0.00241
0.00138
-0.00158
0.00089
0.00091
-0.00070
0.00051
0.00027
-0.00029
-0.00063
0.00083
0.00054
-0.00114
0.00113
0.00115
-0.00067
-0.00212
0.00122
0.00013
0.00027
0.00110
0.00094
0.00052
0.00070
-0.00171
-0.00285
-0.00432
-0.00399
-0.00164
-0.00159
-0.00120
0.00051
0.00380
0.00333
0.00418
0.00739
0.00715
0.00870
0.00982
0.00967
0.01013
0.00804
0.00787
0.00817
0.00675
0.00972
0.01251
0.01328
0.01369
0.01275
0.01450
0.01682
0.01623
0.01729
0.01592
0.01738
0.01966
0.01832
0.01672
0.02083
0.01975
0.02081
0.01942
0.02045
0.02250
0.01831
0.01972
0.01877
0.01933
0.02116
0.02194
0.02242
0.02329
0.02317
0.02215
0.02147
0.02367
0.02359
0.02309
0.02203
0.01966
0.01980
0.02048
0.02022
0.02243
0.02062
0.02067
0.02167
0.02045
0.02189
0.01945
0.02009
0.02101
0.01967
0.01929
0.01831
0.01923
0.01797
0.01838
0.01753
0.01629
0.01434
0.01066
0.00803
0.00382
0.00091
-0.00371
-0.00702
-0.00797
-0.00638
-0.00568
-0.00476
-0.00445
-0.00673
-0.00779
-0.00541
-0.00648
-0.00399
-0.00257
-0.00577
-0.00575
-0.00522
-0.00602
-0.00326
-0.00254
-0.00153
-0.00337
-0.00340
-0.00175
-0.00342
-0.00090
0.00231
0.00314
-0.00090
0.00047
-0.00138
0.00080
-0.00056
0.00046
-0.00050
-0.00011
-0.00055
-0.00027
-0.00059
0.00050
0.00042
-0.00044
0.00015
-0.00014
0.00023
0.00112
0.00137
0.00097
0.00103
0.00215
0.00050
0.00198
0.00216
-0.00006
-0.00336
-0.00699
-0.00779
-0.00708
-0.01021
-0.00966
-0.01205
-0.01220
-0.01420
-0.01291
-0.01203
-0.01374
-0.01211
-0.01157
-0.01197
-0.01195
-0.00905
0.00480
0.02545
0.04560
0.05956
0.06408
0.05377
0.03700
0.01798
0.00226
-0.01246
-0.02193
-0.03092
-0.03471
-0.03746
-0.03586
-0.03436
-0.03055
-0.02220
-0.01407
-0.00400
0.00773
0.01990
0.02973
0.04153
0.04837
0.05853
0.06494
0.07213
0.07634
0.07670
0.07110
0.07096
0.06351
0.05360
0.04570
0.03623
0.02155
0.02272
0.04122
0.07776
0.13075
0.19071
0.25487
0.31856
0.37891
0.43682
0.48276
0.51934
0.54255
0.55389
0.55597
0.54509
0.52643
0.49491
0.45454
0.40421
0.34756
0.28275
0.21269
0.14054
0.06380
-0.01534
-0.09705
-0.17724
-0.26231
-0.34502
-0.42818
-0.51008
-0.59300
-0.67326
-0.75080
-0.82418
-0.89919
-0.96743
-1.03388
-1.09471
-1.15317
-1.20463
-1.25068
-1.29421
-1.32756
-1.35634
-1.38030
-1.39694
-1.40873
-1.41524
-1.41213
-1.40866
-1.39558
-1.37654
-1.35185
-1.32063
-1.28162
-1.23628
-1.18832
-1.12915
-1.06401
-0.99173
-0.91527
-0.83365
-0.74410
-0.65143
-0.55250
-0.44997
-0.34181
-0.23088
-0.11266
0.00701
0.12862
0.25391
0.38192
0.50889
0.63798
0.76971
0.90193
1.02889
1.15995
1.28648
1.41179
1.53194
1.64985
1.76085
1.86792
1.97008
2.06671
2.15448
2.23576
2.30850
2.37050
2.42551
2.47149
2.50767
2.53231
2.54754
2.55448
2.54958
2.53464
2.50840
2.47316
2.42435
2.36469
2.29638
2.21678
2.12636
2.02759
1.91770
1.80067
1.67253
1.53750
1.39168
1.23959
1.08253
0.91871
0.74692
0.57234
0.39264
0.20799
0.02149
-0.16620
-0.35601
-0.54599
-0.73560
-0.92400
-1.11313
-1.29825
-1.47972
-1.65788
-1.83441
-2.00134
-2.16433
-2.32285
-2.46954
-2.61925
-2.75575
-2.88288
-2.99670
-3.09597
-3.18554
-3.26346
-3.32890
-3.38599
-3.42910
-3.45929
-3.47820
-3.48169
-3.47172
-3.44534
-3.40500
-3.35095
-3.28055
-3.20131
-3.10732
-3.00046
-2.88103
-2.75192
-2.61023
-2.45994
-2.29915
-2.13001
-1.95542
-1.77143
-1.58271
-1.38710
-1.18967
-0.98816
-0.78694
-0.58285
-0.37783
-0.17368
0.03028
0.22814
0.42490
0.61584
0.80274
0.98481
1.16253
1.33349
1.49777
1.65378
1.80299
1.94320
2.07769
2.19997
2.31390
2.41999
2.51613
2.60320
2.68139
2.74720
2.80161
2.85101
2.88849
2.91734
2.93575
2.94291
2.94381
2.93683
2.91868
2.89563
2.85968
2.81921
2.77152
2.71459
2.65342
2.58340
2.50830
2.42813
2.34227
2.25101
2.15604
2.05556
1.95254
1.84598
1.73847
1.62550
1.51346
1.39664
1.27802
1.16539
1.04706
0.93009
0.81410
0.69865
0.58725
0.47708
0.36903
0.26200
0.15859
0.05663
-0.04053
-0.13072
-0.21809
-0.30099
-0.37957
-0.45159
-0.51930
-0.58487
-0.64303
-0.69905
-0.74891
-0.78695
-0.82155
-0.84776
-0.86799
-0.88117
-0.89008
-0.89251
-0.89152
-0.88368
-0.87264
-0.85444
-0.83018
-0.80085
-0.76723
-0.72732
-0.68370
-0.63616
-0.58740
-0.52969
-0.47153
-0.41291
-0.34741
-0.28203
-0.21385
-0.14547
-0.07556
-0.00883
0.06025
0.13078
0.19727
0.26323
0.32779
0.38993
0.45129
0.50727
0.56208
0.61133
0.65903
0.69780
0.73684
0.77167
0.80249
0.82573
0.84749
0.86187
0.87410
0.87979
0.88194
0.87716
0.86737
0.85158
0.83450
0.80924
0.78302
0.75213
0.71450
0.67314
0.63045
0.58255
0.53185
0.47806
0.42209
0.36386
0.30427
0.24193
0.17756
0.11057
0.04536
-0.02434
-0.09013
-0.16111
-0.23044
-0.29842
-0.36719
-0.43390
-0.49971
-0.56477
-0.62513
-0.68762
-0.74418
-0.80395
-0.85554
-0.90595
-0.95526
-0.99873
-1.03847
-1.07599
-1.10702
-1.13737
-1.16535
-1.18768
-1.20768
-1.22766
-1.23933
-1.24772
-1.25284
-1.25431
-1.25054
-1.24324
-1.23454
-1.22204
-1.20717
-1.18614
-1.16526
-1.13946
-1.11335
-1.08053
-1.04554
-1.01129
-0.97108
-0.92994
-0.88638
-0.83783
-0.79008
-0.73977
-0.68830
-0.63720
-0.58117
-0.52474
-0.47091
-0.41372
-0.35226
-0.29396
-0.23353
-0.17449
-0.11305
-0.05243
0.00936
0.06801
0.13087
0.19211
0.25258
0.31317
0.37318
0.43162
0.48794
0.54312
0.59886
0.65352
0.70505
0.75501
0.80327
0.85016
0.89313
0.93513
0.97489
1.00730
1.03350
1.05603
1.07057
1.07543
1.07473
1.07016
1.05941
1.05165
1.04759
1.04390
1.05177
1.05439
1.05135
1.05018
1.05091
1.04991
1.04602
1.04291
1.04251
1.04044
1.03576
1.03106
1.02593
1.02116
1.01583
1.00533
0.99797
0.98851
0.97836
0.96630
0.95483
0.94022
0.92698
0.91338
0.89863
0.88130
0.86239
0.84618
0.82398
0.80825
0.78341
0.76342
0.74039
0.71860
0.69525
0.67021
0.64659
0.61896
0.59062
0.56696
0.53887
0.50794
0.47844
0.45289
0.42226
0.39284
0.36183
0.33151
0.29946
0.27079
0.24068
0.21152
0.17991
0.15145
0.11964
0.09242
0.06181
0.03215
0.00224
-0.02665
-0.05429
-0.08110
-0.10809
-0.13217
-0.15576
-0.17898
-0.19956
-0.21862
-0.23581
-0.25418
-0.26988
-0.28420
-0.29660
-0.30734
-0.31633
-0.32386
-0.33222
-0.33700
-0.34351
-0.34704
-0.34809
-0.34994
-0.35118
-0.34851
-0.34822
-0.34859
-0.34553
-0.34532
-0.34164
-0.33570
-0.33165
-0.32680
-0.32053
-0.31451
-0.31331
-0.30483
-0.30004
-0.29442
-0.28993
-0.28425
-0.27976
-0.27584
-0.26869
-0.26454
-0.26034
-0.25357
-0.25133
-0.24901
-0.24402
-0.24164
-0.23827
-0.23631
-0.23386
-0.23013
-0.22919
-0.22548
-0.22301
-0.22414
-0.22294
-0.22457
-0.22405
-0.22422
-0.22420
-0.22432
-0.22403
-0.22854
-0.22930
-0.23004
-0.23178
-0.23395
-0.23775
-0.23643
-0.23942
-0.24074
-0.23972
-0.24220
-0.24411
-0.24368
-0.24404
-0.24772
-0.24866
-0.24809
-0.24763
-0.24703
-0.24632
-0.24612
-0.24335
-0.24216
-0.24136
-0.24109
-0.23867
-0.23364
-0.23202
-0.22745
-0.22248
-0.21792
-0.21312
-0.20720
-0.20429
-0.19748
-0.19018
-0.18270
-0.17635
-0.17092
-0.16322
-0.15533
-0.14513
-0.13616
-0.12718
-0.11780
-0.10868
-0.09896
-0.09028
-0.08390
-0.06935
-0.06028
-0.05285
-0.04429
-0.03475
-0.02951
-0.02130
-0.01604
-0.00828
-0.00355
0.00292
0.00501
0.01269
0.01601
0.02087
0.02353
0.02807
0.03167
0.03462
0.03729
0.04169
0.04419
0.04740
0.05034
0.05612
0.06115
0.06399
0.06708
0.07023
0.07562
0.08387
0.09384
0.10697
0.12013
0.13446
0.15060
0.16637
0.18261
0.19245
0.19736
0.19507
0.18880
0.18514
0.19052
0.19153
0.18745
0.18994
0.18928
0.18912
0.18872
0.18753
0.18534
0.17951
0.17722
0.17185
0.16571
0.15963
0.15171
0.14468
0.13876
0.12677
0.11847
0.11156
0.10343
0.09071
0.08120
0.07002
0.05984
0.04870
0.03721
0.02530
0.01397
0.00402
-0.00793
-0.02103
-0.03072
-0.04208
-0.05091
-0.06110
-0.06941
-0.08013
-0.09093
-0.09770
-0.10565
-0.11080
-0.11674
-0.12399
-0.12924
-0.13373
-0.13865
-0.14194
-0.14511
-0.14798
-0.15036
-0.15175
-0.15338
-0.15324
-0.15616
-0.15404
-0.15368
-0.15161
-0.15113
-0.14884
-0.14652
-0.14368
-0.14041
-0.13680
-0.13246
-0.12809
-0.12613
-0.11827
-0.11390
-0.10763
-0.10067
-0.09343
-0.08622
-0.07825
-0.06962
-0.06114
-0.05433
-0.04400
-0.03505
-0.02718
-0.01712
-0.00628
0.00245
0.01226
0.02122
0.02984
0.04010
0.04819
0.05821
0.06475
0.07519
0.08173
0.09126
0.09747
0.10455
0.11136
0.11864
0.12629
0.12979
0.13523
0.14123
0.14794
0.15101
0.15540
0.16017
0.16367
0.17030
0.17455
0.17402
0.17085
0.17060
0.17469
0.17850
0.17650
0.17238
0.17899
0.17820
0.17229
0.15472
0.14432
0.12995
0.11730
0.10682
0.09629
0.08308
0.07136
0.06090
0.05038
0.04017
0.03042
0.02093
0.01366
0.00387
-0.00505
-0.01325
-0.02104
-0.02955
-0.03702
-0.04278
-0.05244
-0.05875
-0.06333
-0.07350
-0.07701
-0.08417
-0.09279
-0.09659
-0.10327
-0.10827
-0.11672
-0.12261
-0.12864
-0.13447
-0.14010
-0.14491
-0.14998
-0.15818
-0.16237
-0.16444
-0.17068
-0.17526
-0.17796
-0.18169
-0.18591
-0.18665
-0.18596
-0.18175
-0.17999
-0.18121
-0.18318
-0.18338
-0.17945
-0.17070
-0.16385
-0.15493
-0.14344
-0.13420
-0.12372
-0.11203
-0.10194
-0.08986
-0.07970
-0.06630
-0.05585
-0.04258
-0.03080
-0.01972
-0.00767
0.00444
0.01610
0.02578
0.03899
0.04849
0.05927
0.07232
0.08163
0.09007
0.09853
0.10869
0.11675
0.12308
0.12996
0.13579
0.14145
0.14801
0.15148
0.15569
0.15919
0.16288
0.16499
0.16945
0.17211
0.17320
0.17136
0.17122
0.17281
0.17362
0.16797
0.16250
0.15541
0.14739
0.13967
0.13114
0.12392
0.11461
0.10571
0.09515
0.08591
0.07712
0.06708
0.05560
0.04598
0.03523
0.02397
0.01149
0.00120
-0.00778
-0.01695
-0.02600
-0.03813
-0.04602
-0.05688
-0.06588
-0.07673
-0.08522
-0.09454
-0.10278
-0.11143
-0.11709
-0.12504
-0.13089
-0.13892
-0.14513
-0.15151
-0.15434
-0.16183
-0.16267
-0.16794
-0.17035
-0.17177
-0.17412
-0.17827
-0.17696
-0.17661
-0.17625
-0.17687
-0.17669
-0.17571
-0.17518
-0.17339
-0.17205
-0.16963
-0.16714
-0.16555
-0.16196
-0.16015
-0.15523
-0.15176
-0.14936
-0.14340
-0.13857
-0.13337
-0.13048
-0.12650
-0.11861
-0.11389
-0.10705
-0.10328
-0.09375
-0.09006
-0.08020
-0.07386
-0.06913
-0.05940
-0.05195
-0.04588
-0.03758
-0.02693
-0.01863
-0.00906
-0.00121
0.00772
0.01844
0.02818
0.03963
0.04991
0.05963
0.06970
0.08273
0.09342
0.10500
0.11928
0.13085
0.14456
0.15050
0.15433
0.15271
0.14623
0.14695
0.14780
0.14636
0.14954
0.14725
0.14715
0.14419
0.14175
0.13888
0.13785
0.13477
0.13378
0.13274
0.13301
0.13347
0.13441
0.13431
0.13271
0.13347
0.13171
0.13088
0.12871
0.12909
0.12630
0.12251
0.12053
0.11722
0.11366
0.11035
0.10446
0.10138
0.09378
0.08775
0.08237
0.07643
0.06920
0.06327
0.05302
0.04353
0.03639
0.02437
0.01336
0.00205
-0.01140
-0.02358
-0.03654
-0.04732
-0.05824
-0.06181
-0.06304
-0.05742
-0.05108
-0.04530
-0.03916
-0.03999
-0.04103
-0.04349
-0.04834
-0.04706
-0.04153
-0.03533
-0.03184
-0.02765
-0.03107
-0.03633
-0.03860
-0.03397
-0.02690
-0.02493
-0.02734
-0.03144
-0.02888
-0.02380
-0.02157
-0.02448
-0.02368
-0.02135
-0.01781
-0.01943
-0.01961
-0.02116
-0.01661
-0.01319
-0.01222
-0.01497
-0.01531
-0.01409
-0.01344
-0.01052
-0.00915
-0.01091
-0.00955
-0.01111
-0.01082
-0.01067
-0.00991
-0.00993
-0.00710
-0.00687
-0.00749
-0.00512
-0.00389
-0.00214
-0.00330
-0.00215
-0.00112
-0.00045
0.00092
0.00091
-0.00015
-0.00138
0.00066
-0.00083
-0.00030
-0.00056
0.00139
-0.00157
-0.00213
0.00230
0.00020
0.00108
-0.00288
-0.00011
0.00123
0.00338
0.00186
-0.00061
-0.00111
-0.00029
-0.00017
-0.00330
-0.00181
-0.00078
0.00078
0.00124
0.00221
-0.00177
-0.00167
0.00098
-0.00262
-0.00100
0.00050
0.00196
0.00366
0.00152
-0.00110
-0.00293
-0.00139
0.00225
0.00099
-0.00102
0.00117
-0.00064
0.00061
-0.00001
-0.00054
0.00017
-0.00022
0.00054
-0.00129
-0.00089
0.00111
-0.00017
-0.00061
-0.00053
0.00027
-0.00184
-0.00120
-0.00077
0.00064
0.00041
-0.00005
0.00035
0.00119
0.00115
-0.00025
-0.00044
0.00022
0.00035
0.00133
-0.00091
0.00042
-0.00042
-0.00142
-0.00096
0.00159
0.00152
0.00090
-0.00125
0.00108
-0.00048
-0.00079
0.00070
0.00020
-0.00066
0.00072
-0.00135
0.00139
-0.00040
0.00019
-0.00138
-0.00020
-0.00048
-0.00034
0.00095
-0.00199
-0.00138
-0.00014
0.00033
-0.00080
-0.00151
-0.00085
0.00048
0.00110
0.00033
0.00138
0.00001
-0.00122
-0.00094
-0.00114
-0.00125
0.00225
0.00042
0.00261
0.00061
-0.00009
0.00027
-0.00058
-0.00088
0.00368
0.00011
0.00096
-0.00058
0.00200
0.00165
-0.00062
0.00146
0.00019
0.00045
-0.00006
-0.00110
0.00051
0.00077
-0.00045
0.00057
0.00102
-0.00003
-0.00055
0.00069
0.00028
-0.00035
0.00026
-0.00027
0.00047
0.00052
-0.00087
0.00080
0.00138
-0.00200
0.00026
0.00270
0.00060
-0.00155
-0.00320
-0.00044
0.00058
0.00049
0.00058
0.00108
0.00122
-0.00178
-0.00205
-0.00369
-0.00130
-0.00366
-0.00100
0.00092
-0.00056
-0.00228
-0.00384
-0.00401
-0.00017
-0.00040
0.00017
0.00091
-0.00099
-0.00219
-0.00224
-0.00172
0.00015
0.00028
0.00142
0.00101
-0.00038
0.00214
-0.00011
-0.00087
-0.00017
-0.00057
-0.00018
0.00063
0.00030
-0.00025
0.00062
0.00076
-0.00165
-0.00083
0.00113
-0.00019
0.00347
0.00335
0.00195
0.00442
0.00176
-0.00140
-0.00457
-0.00521
-0.00367
-0.00258
0.00081
0.00471
0.00672
0.00716
0.00745
0.00546
0.00427
0.00068
0.00015
0.00013
-0.00074
-0.00130
-0.00049
0.00128
0.00198
0.00188
0.00141
0.00767
0.00500
0.00975
0.01754
0.01256
0.01131
0.01564
0.02387
0.02511
0.01969
0.02036
0.02575
0.03650
0.03876
0.02808
0.01209
0.00427
0.00816
0.02490
0.04746
0.07551
0.09998
0.11673
0.12207
0.11271
0.09422
0.06792
0.03986
0.01527
-0.01385
-0.03565
-0.05438
-0.07007
-0.07866
-0.07807
-0.07245
-0.06024
-0.03537
-0.00711
0.02920
0.07099
0.11699
0.16414
0.20998
0.25784
0.29857
0.33960
0.37312
0.40278
0.43002
0.44870
0.46345
0.47023
0.46849
0.46107
0.44572
0.42272
0.39583
0.36163
0.32278
0.28551
0.24363
0.20005
0.15504
0.11174
0.06991
0.02302
-0.01758
-0.05920
-0.09969
-0.13691
-0.17366
-0.20760
-0.23831
-0.26754
-0.29134
-0.31275
-0.32767
-0.34144
-0.35001
-0.35368
-0.35366
-0.34850
-0.33983
-0.32367
-0.30267
-0.27855
-0.24915
-0.21431
-0.17505
-0.13051
-0.08303
-0.03114
0.02624
0.08686
0.14989
0.21961
0.28957
0.36324
0.44239
0.52458
0.60699
0.69267
0.77730
0.86284
0.95006
1.03572
1.12179
1.20575
1.28714
1.36545
1.44343
1.51306
1.58139
1.64261
1.69666
1.74453
1.78634
1.81954
1.84799
1.86508
1.87708
1.87892
1.87593
1.86386
1.84422
1.81746
1.78431
1.74260
1.69525
1.64109
1.57929
1.51108
1.43966
1.36171
1.27777
1.18604
1.09130
0.99662
0.89177
0.78223
0.67377
0.56036
0.44467
0.32598
0.20675
0.08756
-0.03351
-0.15781
-0.27615
-0.39906
-0.51657
-0.63571
-0.74940
-0.86478
-0.97688
-1.08671
-1.18821
-1.28471
-1.37303
-1.45710
-1.53665
-1.60961
-1.67831
-1.73917
-1.79422
-1.84179
-1.88370
-1.91490
-1.93949
-1.95582
-1.96800
-1.97008
-1.96576
-1.95429
-1.93809
-1.91319
-1.88362
-1.84850
-1.80766
-1.76023
-1.71114
-1.65442
-1.59859
-1.53788
-1.47332
-1.41048
-1.34308
-1.27725
-1.20509
-1.14016
-1.07420
-1.01025
-0.94703
-0.88416
-0.82617
-0.76835
-0.71842
-0.66957
-0.62274
-0.58342
-0.54454
-0.51340
-0.48492
-0.45941
-0.44114
-0.42832
-0.42015
-0.41753
-0.41872
-0.42590
-0.43489
-0.44838
-0.46978
-0.49359
-0.52400
-0.55792
-0.59545
-0.63499
-0.67924
-0.72630
-0.77748
-0.83127
-0.88397
-0.94219
-1.00003
-1.05899
-1.11826
-1.18115
-1.24117
-1.30170
-1.36436
-1.42534
-1.48465
-1.54098
-1.59724
-1.65302
-1.70814
-1.75628
-1.80245
-1.84426
-1.88769
-1.92286
-1.95756
-1.98730
-2.01387
-2.03758
-2.05793
-2.07212
-2.08374
-2.08901
-2.09494
-2.09327
-2.08944
-2.08136
-2.07085
-2.05513
-2.03448
-2.01036
-1.98692
-1.95430
-1.92172
-1.88653
-1.84634
-1.80358
-1.76230
-1.71460
-1.66689
-1.61511
-1.56439
-1.50725
-1.44862
-1.39243
-1.33160
-1.26916
-1.20794
-1.14236
-1.07817
-1.01378
-0.94532
-0.88053
-0.81384
-0.74627
-0.67679
-0.61034
-0.54176
-0.47479
-0.40655
-0.33610
-0.27146
-0.20239
-0.13422
-0.07099
-0.00238
0.06335
0.12764
0.19175
0.25362
0.31719
0.37840
0.43990
0.50158
0.56146
0.61906
0.67701
0.73125
0.78519
0.83933
0.89394
0.94295
0.99286
1.03801
1.08142
1.12249
1.16458
1.20150
1.23326
1.26541
1.29554
1.31961
1.34053
1.35673
1.37021
1.37910
1.38398
1.38717
1.38520
1.37705
1.36854
1.35671
1.34058
1.32048
1.29662
1.27045
1.23884
1.20665
1.17326
1.13407
1.09269
1.04885
1.00377
0.95455
0.90442
0.85189
0.79850
0.74183
0.68620
0.62634
0.56473
0.50484
0.44324
0.38062
0.31729
0.25496
0.19214
0.13038
0.06891
0.01089
-0.04672
-0.10257
-0.15335
-0.20272
-0.24940
-0.28831
-0.32606
-0.35297
-0.37450
-0.38510
-0.38863
-0.38543
-0.37417
-0.35287
-0.32326
-0.28971
-0.24759
-0.20424
-0.16000
-0.10891
-0.06289
-0.01991
0.01762
0.04750
0.06221
0.06914
0.06346
0.05126
0.03360
0.01713
0.00815
0.01101
0.02212
0.02805
0.00611
0.00000
