0.00000
-0.01148
0.02294
-0.03261
-0.04484
0.00288
0.05047
0.06942
0.05668
0.02106
-0.02063
-0.05780
-0.08729
-0.09646
-0.08764
-0.06472
-0.03356
0.00201
0.03086
0.06055
0.07878
0.09151
0.09202
0.07997
0.06514
0.05046
0.03342
0.01708
0.00275
-0.01028
-0.02215
-0.03280
-0.03918
-0.04232
-0.04166
-0.03825
-0.03277
-0.02550
-0.01828
-0.01121
-0.00041
0.00530
0.01142
0.01177
0.01225
0.01083
0.00957
0.00693
0.00492
0.00479
0.00222
-0.00243
-0.00100
-0.00184
-0.00016
-0.00113
-0.00182
0.00060
0.00209
0.00178
-0.00116
-0.00031
-0.00199
-0.00209
-0.00278
-0.00172
0.00025
0.00127
-0.00017
-0.00048
0.00083
0.00145
0.00210
-0.00079
0.00006
0.00100
0.00074
0.00180
0.00202
0.00054
0.00173
0.00263
0.00195
0.00082
-0.00263
-0.00282
-0.00276
-0.00012
0.00180
-0.00032
0.00196
-0.00131
-0.00215
-0.00091
-0.00200
-0.00101
0.00236
0.00144
0.00002
0.00193
0.00284
0.00242
0.00233
0.00175
0.00014
0.00118
0.00088
0.00031
0.00211
0.00376
0.00036
-0.00276
-0.00228
0.00076
-0.00099
0.00081
-0.00031
0.00086
-0.00088
0.00087
-0.00078
0.00055
0.00029
-0.00003
-0.00017
-0.00015
-0.00006
0.00016
0.00053
0.00048
0.00040
-0.00092
-0.00003
-0.00116
0.00008
0.00166
-0.00031
-0.00039
-0.00104
0.00088
0.00099
0.00103
0.00020
-0.00108
-0.00042
-0.00094
-0.00014
-0.00003
-0.00038
0.00007
0.00094
-0.00119
0.00039
0.00140
-0.00132
0.00166
-0.00017
-0.00118
-0.00002
-0.00134
-0.00042
0.00234
0.00184
0.00132
0.00130
0.00339
0.00462
0.00250
0.00346
-0.00073
-0.00235
-0.00351
-0.00371
-0.00425
-0.00398
-0.00355
0.00100
0.00192
0.00223
0.00287
0.00319
0.00422
0.00398
0.00331
0.00233
-0.00142
-0.00455
-0.00339
-0.00214
0.00132
0.00254
0.00069
0.00084
-0.00173
0.00020
-0.00169
0.00064
-0.00145
0.00070
-0.00087
0.00029
0.00048
0.00066
0.00010
-0.00033
-0.00068
0.00076
0.00158
-0.00102
-0.00161
0.00208
0.00177
0.00081
0.00387
0.00308
0.00216
-0.00032
0.00129
0.00284
0.00553
0.00311
0.00088
0.00324
0.00432
0.00208
0.00261
0.00379
0.00213
0.00074
-0.00046
-0.00114
-0.00375
-0.00360
-0.00021
0.00245
0.00377
0.00023
0.00073
-0.00239
-0.00064
-0.00046
0.00041
-0.00042
-0.00121
-0.00216
-0.00066
-0.00103
-0.00220
0.00190
-0.00146
0.00110
-0.00086
-0.00051
-0.00067
0.00114
-0.00046
0.00001
0.00069
-0.00221
0.00007
-0.00120
0.00276
0.00036
-0.00123
-0.00230
-0.00275
0.00016
-0.00163
-0.00035
-0.00329
-0.00184
-0.00250
-0.00093
0.00191
0.00037
0.00024
0.00130
-0.00268
-0.00008
-0.00052
0.00151
0.00062
0.00121
0.00002
-0.00188
0.00108
-0.00073
-0.00124
0.00136
0.00139
-0.00007
-0.00106
-0.00044
0.00024
0.00040
0.00074
0.00046
-0.00094
0.00025
0.00107
-0.00077
0.00207
0.00178
-0.00256
-0.00048
0.00135
0.00293
0.00176
0.00310
-0.00006
-0.00174
-0.00047
-0.00032
-0.00004
-0.00059
-0.00008
0.00151
0.00037
-0.00060
-0.00009
0.00067
0.00122
0.00125
0.00109
0.00039
-0.00031
-0.00195
-0.00124
0.00107
0.00111
0.00018
0.00062
-0.00009
-0.00098
0.00114
-0.00054
0.00029
0.00064
-0.00044
0.00061
-0.00101
0.00142
-0.00057
-0.00160
-0.00092
0.00153
-0.00033
-0.00119
0.00010
0.00020
0.00001
0.00096
-0.00027
-0.00156
0.00147
0.00097
-0.00075
-0.00020
-0.00040
0.00133
-0.00074
-0.00141
0.00054
-0.00006
0.00053
-0.00057
0.00092
0.00062
0.00077
0.00077
-0.00108
0.00109
0.00129
0.00058
-0.00018
-0.00139
-0.00133
-0.00047
0.00143
0.00066
-0.00128
-0.00207
-0.00145
0.00105
-0.00201
-0.00214
-0.00029
-0.00071
0.00236
0.00095
0.00096
0.00064
0.00099
0.00209
0.00058
-0.00006
-0.00084
-0.00175
-0.00041
0.00013
0.00138
0.00086
0.00140
0.00064
0.00116
0.00004
0.00034
0.00059
0.00132
-0.00034
0.00014
0.00006
0.00026
-0.00073
0.00076
0.00098
-0.00057
-0.00037
-0.00013
0.00048
-0.00007
0.00071
0.00073
-0.00024
0.00124
0.00118
0.00037
-0.00085
-0.00032
0.00015
0.00071
-0.00045
0.00147
-0.00016
0.00028
0.00012
0.00077
0.00050
0.00007
-0.00053
-0.00008
-0.00090
0.00018
0.00083
0.00058
-0.00019
-0.00016
0.00012
0.00139
0.00096
-0.00090
0.00080
-0.00175
-0.00138
-0.00171
-0.00087
0.00117
0.00239
-0.00008
0.00223
0.00039
0.00297
0.00031
-0.00201
-0.00034
-0.00074
-0.00077
-0.00010
0.00023
0.00136
0.00202
0.00077
0.00344
0.00313
0.00158
0.00002
0.00161
0.00049
0.00088
0.00214
0.00191
0.00182
0.00158
0.00025
-0.00010
-0.00264
-0.00219
-0.00019
0.00010
0.00149
-0.00008
0.00054
0.00027
0.00055
0.00091
0.00015
0.00037
-0.00036
-0.00060
0.00107
0.00110
-0.00095
-0.00070
-0.00008
0.00156
0.00057
0.00041
0.00002
-0.00231
0.00003
-0.00006
0.00098
0.00121
0.00100
0.00287
0.00015
-0.00128
-0.00057
-0.00227
-0.00222
-0.00214
-0.00015
0.00037
0.00091
0.00272
0.00123
-0.00012
-0.00155
-0.00013
0.00011
0.00170
0.00062
-0.00080
-0.00126
0.00174
-0.00209
0.00242
0.00054
0.00075
0.00146
0.00300
0.00297
0.00412
0.00476
0.00660
0.00485
0.00752
0.00626
0.00604
0.00289
0.00005
-0.00412
-0.00967
-0.01720
-0.02194
-0.02847
-0.03782
-0.04673
-0.05244
-0.06093
-0.06610
-0.07222
-0.07582
-0.07933
-0.08009
-0.08078
-0.07944
-0.07411
-0.06997
-0.06582
-0.05321
-0.04441
-0.03143
-0.01954
-0.00198
0.01252
0.03272
0.04950
0.07702
0.10759
0.13457
0.16246
0.19048
0.21719
0.24087
0.26192
0.28163
0.30180
0.31649
0.32689
0.33437
0.33999
0.33883
0.33478
0.33062
0.32309
0.31023
0.29862
0.28333
0.26802
0.24720
0.22806
0.20517
0.18109
0.15381
0.12590
0.09808
0.06698
0.03910
0.00288
-0.02999
-0.06486
-0.09992
-0.13546
-0.16997
-0.20666
-0.24040
-0.27434
-0.30970
-0.34454
-0.37858
-0.41427
-0.44825
-0.48465
-0.51962
-0.55369
-0.58472
-0.61904
-0.65201
-0.68491
-0.71850
-0.74932
-0.77932
-0.81096
-0.83939
-0.87218
-0.89910
-0.92610
-0.95286
-0.98120
-1.00527
-1.02782
-1.05260
-1.07430
-1.09426
-1.11434
-1.13028
-1.14555
-1.15868
-1.16889
-1.17956
-1.18686
-1.20009
-1.21050
-1.21452
-1.20863
-1.19730
-1.18279
-1.16179
-1.13540
-1.10190
-1.06569
-1.02496
-0.97840
-0.92580
-0.86844
-0.80482
-0.73713
-0.66586
-0.58639
-0.50223
-0.41268
-0.31733
-0.21806
-0.11205
0.00066
0.11679
0.23668
0.36535
0.49596
0.63180
0.77392
0.91790
1.06153
1.20986
1.36004
1.50807
1.65638
1.80678
1.95249
2.09525
2.23317
2.36598
2.49143
2.60472
2.70898
2.79851
2.87532
2.93699
2.98633
3.02206
3.04388
3.05641
3.05316
3.04113
3.01925
2.98212
2.93755
2.88495
2.82114
2.74822
2.66741
2.58032
2.48505
2.38144
2.26890
2.14960
2.02723
1.90136
1.77592
1.64842
1.51867
1.38818
1.25546
1.12593
0.99280
0.86362
0.73953
0.62019
0.50882
0.40735
0.31583
0.23016
0.14898
0.06780
-0.01770
-0.11006
-0.20960
-0.32198
-0.44732
-0.58743
-0.74522
-0.92036
-1.12022
-1.33752
-1.58076
-1.84632
-2.12786
-2.42427
-2.73199
-3.04122
-3.35125
-3.65946
-3.97165
-4.29401
-4.61717
-4.93541
-5.24234
-5.53104
-5.78860
-6.00906
-6.18853
-6.32156
-6.40223
-6.42894
-6.39366
-6.30096
-6.14494
-5.92279
-5.63977
-5.29106
-4.87362
-4.38733
-3.81961
-3.17771
-2.47003
-1.70961
-0.90710
-0.07451
0.77167
1.61425
2.45117
3.26394
4.02543
4.72291
5.33392
5.89601
6.47340
6.93635
6.92966
6.63752
6.76787
7.26785
7.26482
7.01711
7.22146
7.34022
7.19353
7.33988
7.72902
7.72763
7.26504
7.03285
7.30932
7.77609
8.16958
8.55692
8.82224
8.64961
7.98121
6.94797
5.66234
4.21844
2.78019
1.48685
0.35427
-0.65357
-1.57442
-2.44988
-3.27536
-4.05857
-4.89838
-5.82332
-6.67874
-7.16590
-7.04804
-6.51610
-6.12023
-6.09089
-6.11381
-6.00564
-5.99656
-6.12684
-6.12598
-5.93722
-5.91085
-6.07503
-6.09372
-5.94083
-5.93267
-6.08128
-6.15120
-6.11383
-6.07654
-6.05827
-6.03230
-6.04276
-6.08202
-6.03571
-5.82373
-5.43040
-4.84696
-4.09418
-3.22722
-2.30800
-1.38958
-0.52041
0.26944
0.98798
1.68618
2.46683
3.29452
4.11734
5.00587
5.85691
6.44303
6.69453
6.74089
6.68030
6.52284
6.42169
6.52166
6.68324
6.69148
6.59189
6.61284
6.70718
6.66783
6.61498
6.68113
6.72456
6.69738
6.68719
6.71387
6.73540
6.74286
6.74023
6.69895
6.59340
6.42707
6.18690
5.85349
5.43592
4.97614
4.48675
3.98813
3.50401
3.02929
2.55051
2.06217
1.55465
1.03359
0.53443
0.05646
-0.44321
-0.93529
-1.39076
-1.88003
-2.41175
-2.90901
-3.36865
-3.82771
-4.24675
-4.60084
-4.92018
-5.20700
-5.44218
-5.63126
-5.79351
-5.91988
-6.01137
-6.08362
-6.13837
-6.17299
-6.18484
-6.17557
-6.14535
-6.08992
-6.00946
-5.90471
-5.78054
-5.63300
-5.46585
-5.27995
-5.07436
-4.85471
-4.61274
-4.35544
-4.07839
-3.78855
-3.48162
-3.16778
-2.84450
-2.51503
-2.18394
-1.84980
-1.51327
-1.18209
-0.85355
-0.53487
-0.22654
0.07621
0.36597
0.64579
0.91680
1.17224
1.41708
1.65374
1.86955
2.07866
2.27176
2.45490
2.62787
2.79181
2.94451
3.08684
3.21927
3.33665
3.44418
3.53497
3.61118
3.67822
3.73237
3.77562
3.80895
3.83116
3.84403
3.85175
3.85321
3.84700
3.83650
3.82101
3.80701
3.78428
3.76103
3.73123
3.69908
3.66286
3.62236
3.57827
3.53207
3.47746
3.42233
3.36325
3.29763
3.22994
3.15988
3.08633
3.00978
2.93083
2.85435
2.77664
2.69813
2.61783
2.53867
2.45034
2.36217
2.26997
2.17222
2.07142
1.96400
1.85136
1.73521
1.61198
1.48806
1.35907
1.23023
1.09804
0.96973
0.84109
0.71184
0.58810
0.46668
0.34588
0.23143
0.12023
0.01239
-0.09137
-0.18993
-0.28810
-0.38265
-0.47318
-0.56317
-0.64681
-0.72449
-0.79749
-0.86770
-0.92732
-0.98453
-1.03411
-1.07575
-1.11185
-1.13959
-1.15956
-1.17055
-1.17524
-1.17382
-1.16368
-1.14451
-1.12809
-1.09972
-1.07178
-1.03726
-0.99904
-0.95782
-0.91208
-0.86482
-0.81491
-0.76005
-0.70262
-0.64231
-0.57692
-0.50872
-0.43931
-0.36747
-0.29519
-0.21726
-0.14427
-0.06910
0.00378
0.07435
0.14109
0.20627
0.26491
0.31819
0.36786
0.41037
0.44970
0.48191
0.51337
0.53716
0.55754
0.57778
0.59284
0.60391
0.60863
0.61130
0.61096
0.60520
0.59388
0.58067
0.56113
0.53765
0.50767
0.47439
0.43815
0.39674
0.35252
0.30636
0.25622
0.20738
0.15761
0.11167
0.06084
0.01468
-0.03445
-0.08156
-0.12740
-0.17588
-0.21906
-0.26695
-0.31358
-0.36250
-0.40882
-0.45648
-0.50612
-0.55356
-0.60144
-0.64808
-0.69461
-0.74138
-0.78261
-0.82322
-0.86186
-0.89785
-0.93143
-0.96502
-0.99486
-1.02478
-1.05241
-1.07708
-1.10752
-1.13406
-1.16264
-1.18989
-1.21903
-1.25090
-1.27807
-1.30747
-1.33297
-1.36145
-1.38019
-1.39482
-1.40963
-1.41750
-1.42260
-1.42452
-1.42163
-1.41543
-1.40488
-1.39267
-1.37498
-1.35690
-1.33339
-1.31144
-1.28344
-1.25376
-1.21898
-1.18438
-1.14615
-1.10206
-1.05570
-1.00375
-0.94788
-0.88588
-0.82062
-0.75160
-0.67918
-0.60285
-0.52499
-0.44308
-0.35940
-0.27944
-0.19566
-0.11246
-0.02641
0.05670
0.13930
0.22341
0.30434
0.38741
0.47225
0.55627
0.63940
0.72494
0.81013
0.89207
0.97800
1.06093
1.14447
1.22366
1.30150
1.37532
1.44614
1.51499
1.57668
1.63902
1.69417
1.74560
1.79536
1.83805
1.87691
1.91247
1.94717
1.97899
2.00525
2.02983
2.05131
2.06869
2.08276
2.09143
2.09586
2.09862
2.09288
2.08603
2.07394
2.05798
2.03754
2.01380
1.98942
1.96039
1.93099
1.89999
1.86766
1.83580
1.80487
1.77355
1.74092
1.71305
1.68263
1.65183
1.62273
1.59341
1.56153
1.52879
1.49496
1.46221
1.42652
1.38868
1.35415
1.31961
1.28635
1.25304
1.22295
1.19387
1.16506
1.13989
1.11376
1.09307
1.07080
1.05382
1.03437
1.01769
1.00268
0.98378
0.96762
0.95213
0.93574
0.91874
0.90118
0.88646
0.87053
0.85600
0.84596
0.83435
0.82387
0.81501
0.80879
0.80502
0.80139
0.79621
0.79258
0.79149
0.78414
0.78194
0.77256
0.76336
0.75436
0.74324
0.72859
0.71454
0.69746
0.68401
0.66718
0.65238
0.63537
0.61810
0.60725
0.58888
0.57257
0.56048
0.54361
0.52525
0.50517
0.48446
0.46056
0.43724
0.40886
0.38051
0.35108
0.31819
0.28276
0.24753
0.21347
0.17785
0.14224
0.10649
0.07248
0.03596
0.00168
-0.03111
-0.06166
-0.09339
-0.12535
-0.15337
-0.18369
-0.21202
-0.23817
-0.26285
-0.28640
-0.30558
-0.31978
-0.32828
-0.33249
-0.33260
-0.32561
-0.31500
-0.30074
-0.28250
-0.25855
-0.23307
-0.20420
-0.17491
-0.14603
-0.11570
-0.08246
-0.05340
-0.02896
-0.00406
0.01792
0.03495
0.05049
0.05493
0.05775
0.05346
0.04146
0.02498
0.00173
-0.02674
-0.05924
-0.09690
-0.13430
-0.17389
-0.21074
-0.23848
-0.25661
-0.26334
-0.26105
-0.25839
-0.26589
-0.26591
-0.26289
-0.26545
-0.26594
-0.26675
-0.26505
-0.26035
-0.25352
-0.24609
-0.23690
-0.22390
-0.20835
-0.19365
-0.17791
-0.16273
-0.14468
-0.12752
-0.11121
-0.09671
-0.08228
-0.06549
-0.05324
-0.03877
-0.02570
-0.00996
0.00279
0.01910
0.03406
0.05221
0.07115
0.08771
0.10765
0.12638
0.14425
0.16257
0.18056
0.19698
0.21230
0.22481
0.23770
0.24772
0.25602
0.26554
0.27187
0.27628
0.27700
0.27539
0.26986
0.26973
0.27383
0.27233
0.27160
0.26983
0.27435
0.28430
0.29537
0.29819
0.29515
0.28055
0.26220
0.24295
0.22009
0.19631
0.17321
0.15035
0.13174
0.11603
0.10141
0.08827
0.07871
0.07340
0.06811
0.05984
0.05591
0.05364
0.05280
0.04973
0.04498
0.04040
0.03433
0.02754
0.01965
0.00678
-0.00247
-0.01567
-0.02628
-0.04046
-0.05557
-0.06981
-0.08452
-0.09509
-0.10434
-0.10782
-0.10852
-0.10205
-0.09605
-0.09581
-0.10211
-0.10544
-0.10162
-0.09483
-0.08513
-0.08078
-0.08066
-0.08713
-0.09340
-0.09695
-0.10099
-0.09912
-0.09243
-0.08433
-0.07230
-0.05970
-0.04423
-0.03147
-0.02036
-0.00992
0.00111
0.00580
0.01356
0.01627
0.01754
0.02007
0.01858
0.01456
0.00908
0.00391
-0.00228
-0.00870
-0.01317
-0.01801
-0.02364
-0.02783
-0.02957
-0.03176
-0.03091
-0.02476
-0.01038
0.00736
0.03527
0.06375
0.09531
0.12695
0.15603
0.18100
0.19480
0.19115
0.17386
0.14864
0.12168
0.10251
0.09900
0.11029
0.11629
0.11649
0.11312
0.11069
0.11247
0.11268
0.11056
0.10452
0.10826
0.10682
0.10660
0.10368
0.10171
0.09894
0.09477
0.08984
0.08356
0.08071
0.07747
0.07532
0.07238
0.06814
0.06246
0.05930
0.05642
0.05063
0.04486
0.03849
0.03126
0.02278
0.01474
0.00227
-0.00862
-0.01920
-0.03152
-0.04343
-0.05161
-0.06065
-0.06822
-0.07522
-0.08044
-0.08477
-0.08861
-0.09236
-0.09611
-0.09713
-0.09858
-0.10124
-0.10087
-0.10454
-0.10823
-0.10999
-0.11531
-0.11505
-0.12027
-0.12025
-0.12357
-0.12461
-0.12561
-0.12447
-0.12364
-0.12222
-0.12133
-0.12146
-0.12579
-0.12390
-0.12422
-0.12572
-0.12372
-0.11981
-0.12560
-0.12931
-0.12436
-0.11118
-0.10161
-0.09537
-0.09495
-0.09831
-0.10495
-0.11148
-0.11722
-0.12200
-0.12703
-0.12844
-0.12673
-0.11794
-0.10874
-0.09490
-0.08118
-0.06569
-0.04973
-0.03343
-0.01787
-0.00434
0.00906
0.02209
0.03669
0.04771
0.06060
0.07532
0.08722
0.10074
0.11715
0.12849
0.13961
0.15327
0.16202
0.17070
0.17798
0.18300
0.18442
0.18498
0.18621
0.18772
0.18713
0.18489
0.18716
0.19141
0.19308
0.19228
0.18497
0.17389
0.16243
0.15211
0.13908
0.12780
0.11595
0.10544
0.09356
0.08198
0.07178
0.06229
0.05272
0.04278
0.03367
0.02712
0.01994
0.01263
0.00591
0.00310
-0.00001
-0.00538
-0.00502
-0.00550
-0.00572
-0.00387
-0.00262
-0.00268
-0.00242
-0.00174
-0.00453
-0.00706
-0.01103
-0.01543
-0.02204
-0.03106
-0.04106
-0.04934
-0.05539
-0.06369
-0.07732
-0.08609
-0.09807
-0.10946
-0.12341
-0.13502
-0.15016
-0.16304
-0.17365
-0.17995
-0.17796
-0.16855
-0.15687
-0.15058
-0.15080
-0.15832
-0.16561
-0.16630
-0.15966
-0.15543
-0.14857
-0.14148
-0.13674
-0.13342
-0.13297
-0.13163
-0.12563
-0.11764
-0.10966
-0.09718
-0.08829
-0.08061
-0.07317
-0.06921
-0.06546
-0.06090
-0.06081
-0.05935
-0.06151
-0.06500
-0.06634
-0.06708
-0.06578
-0.06209
-0.05869
-0.05349
-0.04398
-0.03527
-0.02445
-0.01412
-0.00568
0.00606
0.01412
0.02459
0.03517
0.04154
0.05100
0.05641
0.06051
0.06204
0.06130
0.05708
0.05056
0.04738
0.04368
0.03647
0.03040
0.02413
0.01903
0.01327
0.00966
0.00935
0.00377
0.00404
0.00331
0.00404
0.00441
0.00725
0.00822
0.01175
0.01499
0.01697
0.01645
0.01779
0.01805
0.01639
0.01628
0.01618
0.01261
0.01266
0.01389
0.01428
0.01289
0.01321
0.01061
0.00662
0.00325
-0.00067
-0.00762
-0.00892
-0.00756
-0.00984
-0.00535
-0.00273
-0.00310
-0.00566
-0.00554
-0.01107
-0.01319
-0.01602
-0.01918
-0.01950
-0.02468
-0.02325
-0.02273
-0.01789
-0.01672
-0.01100
-0.00714
-0.00404
0.00025
0.00203
-0.00048
-0.01017
-0.01313
-0.00367
-0.00768
-0.00478
0.00336
-0.00182
-0.00010
-0.00006
0.00013
-0.00069
-0.00042
-0.00038
-0.00127
-0.00115
0.00007
0.00014
0.00024
-0.00022
-0.00298
-0.00642
0.00075
0.00502
0.01117
0.01395
0.01480
0.01402
0.01423
0.01761
0.01739
0.02176
0.02326
0.01539
0.00938
0.00383
0.00101
0.00057
0.00108
0.00414
0.01006
0.01705
0.02467
0.02917
0.03438
0.04044
0.04281
0.04453
0.04634
0.04447
0.04262
0.03482
0.02959
0.02682
0.01910
0.01424
0.01044
0.00190
-0.00188
-0.00618
-0.01262
-0.01439
-0.01528
-0.01691
-0.02055
-0.01920
-0.01813
-0.01842
-0.01979
-0.01894
-0.01830
-0.02128
-0.02252
-0.02387
-0.02660
-0.03069
-0.03421
-0.03889
-0.04234
-0.04530
-0.04625
-0.04842
-0.04909
-0.04780
-0.04833
-0.04530
-0.04251
-0.03738
-0.03210
-0.02839
-0.02236
-0.01741
-0.01294
-0.00627
-0.00222
0.00115
0.00612
0.00655
0.00892
0.00634
0.00409
0.00098
-0.00100
-0.00624
-0.01015
-0.01472
-0.01729
-0.01707
-0.01839
-0.01657
-0.01476
-0.00592
0.00184
0.00956
0.01488
0.01373
0.01057
0.00553
0.00208
0.00476
0.00549
0.00451
0.00146
0.00279
0.00191
0.00207
0.00138
-0.00091
0.00045
0.00087
0.00041
0.00052
0.00055
-0.00128
0.00167
0.00067
0.00037
-0.00108
0.00084
-0.00111
0.00095
-0.00111
-0.00150
-0.00015
-0.00087
0.00158
0.00265
0.00486
0.00505
0.00452
0.00529
0.00313
0.00205
0.00122
-0.00157
-0.00669
-0.00967
-0.01232
-0.01597
-0.01986
-0.02388
-0.02338
-0.02430
-0.02677
-0.02422
-0.02504
-0.02458
-0.02420
-0.02610
-0.02740
-0.03087
-0.04631
-0.05528
-0.05359
-0.04087
-0.02435
-0.00554
0.01677
0.04085
0.06633
0.09386
0.11900
0.14241
0.16864
0.19053
0.20724
0.22501
0.23679
0.24614
0.25446
0.25937
0.26137
0.25995
0.26097
0.25589
0.25048
0.24416
0.23576
0.22758
0.21442
0.20460
0.19364
0.18160
0.17161
0.16206
0.15101
0.14329
0.13627
0.12840
0.12001
0.11744
0.11064
0.10749
0.10397
0.10064
0.09813
0.09606
0.09792
0.09582
0.09524
0.09894
0.10127
0.10528
0.11103
0.11879
0.12743
0.13919
0.15343
0.16849
0.18782
0.20671
0.22539
0.24616
0.26924
0.28976
0.31203
0.33456
0.35543
0.37757
0.39868
0.42155
0.44290
0.46244
0.48349
0.50683
0.52938
0.55306
0.57786
0.59928
0.62325
0.64925
0.67296
0.69703
0.71754
0.73908
0.76056
0.77736
0.79207
0.80754
0.81836
0.82649
0.83330
0.83836
0.83912
0.83814
0.83127
0.82666
0.81510
0.80219
0.78487
0.76417
0.73913
0.71138
0.67593
0.63819
0.59545
0.54870
0.49322
0.43596
0.37358
0.30749
0.23734
0.16576
0.09057
0.01618
-0.06207
-0.13519
-0.21108
-0.28314
-0.35219
-0.41635
-0.47454
-0.52922
-0.57688
-0.61734
-0.65236
-0.67431
-0.69144
-0.69753
-0.69424
-0.68143
-0.65737
-0.61991
-0.57393
-0.51199
-0.43735
-0.34897
-0.24533
-0.12908
0.00151
0.14518
0.30466
0.47539
0.65750
0.85024
1.04758
1.25613
1.46862
1.68336
1.89962
2.11757
2.33020
2.54280
2.74773
2.94533
3.13950
3.31563
3.47485
3.62072
3.75370
3.87607
3.98673
4.08758
4.16763
4.23161
4.27551
4.29412
4.28884
4.25838
4.20407
4.12343
4.01988
3.88719
3.73354
3.55748
3.35748
3.13855
2.90080
2.64349
2.36788
2.07472
1.76115
1.42930
1.08481
0.72583
0.35629
-0.02157
-0.40310
-0.78828
-1.18015
-1.57148
-1.96013
-2.34686
-2.73263
-3.10600
-3.47093
-3.82309
-4.16363
-4.48901
-4.79419
-5.08374
-5.34631
-5.59027
-5.80987
-6.01038
-6.19456
-6.36026
-6.51195
-6.63908
-6.73793
-6.80964
-6.85048
-6.86462
-6.85470
-6.82019
-6.76326
-6.68475
-6.58264
-6.45258
-6.29684
-6.11269
-5.90745
-5.67898
-5.42761
-5.15356
-4.86198
-4.55235
-4.22883
-3.89311
-3.54654
-3.19315
-2.83139
-2.46584
-2.09817
-1.72597
-1.35707
-0.98518
-0.61654
-0.25159
0.10533
0.45409
0.79185
1.11917
1.43702
1.74796
2.03945
2.31885
2.58214
2.83006
3.05419
3.26118
3.44921
3.62063
3.77170
3.90439
4.01737
4.11319
4.18942
4.24662
4.28876
4.31179
4.32018
4.31010
4.28480
4.24675
4.19421
4.12785
4.04763
3.95681
3.85565
3.74303
3.62319
3.49580
3.35884
3.21905
3.07080
2.92256
2.77219
2.62045
2.46630
2.31332
2.16225
2.01486
1.86553
1.72450
1.58185
1.44643
1.31131
1.18515
1.06012
0.94307
0.82918
0.71930
0.61520
0.51543
0.42057
0.32968
0.24421
0.16164
0.08493
0.01519
-0.05607
-0.11421
-0.17201
-0.22529
-0.27253
-0.31675
-0.35201
-0.39091
-0.42185
-0.45016
-0.47725
-0.50273
-0.52543
-0.54745
-0.57072
-0.58924
-0.61104
-0.63322
-0.65432
-0.67573
-0.69578
-0.71688
-0.73755
-0.75741
-0.77756
-0.79913
-0.81993
-0.84267
-0.86468
-0.88786
-0.90884
-0.93002
-0.95123
-0.97128
-0.98959
-1.00826
-1.02363
-1.03880
-1.05058
-1.05860
-1.06237
-1.06350
-1.06222
-1.05533
-1.04695
-1.03220
-1.01520
-0.99505
-0.96968
-0.94250
-0.91112
-0.87567
-0.83685
-0.79859
-0.75420
-0.70909
-0.65998
-0.60978
-0.55562
-0.50131
-0.44585
-0.38968
-0.33520
-0.27593
-0.22018
-0.16247
-0.10953
-0.05505
-0.00416
0.04183
0.08399
0.12512
0.16160
0.19132
0.21475
0.23659
0.24951
0.25971
0.26256
0.25825
0.25036
0.23408
0.21340
0.18629
0.15385
0.11365
0.07008
0.01613
-0.04032
-0.10649
-0.17600
-0.25245
-0.33376
-0.42185
-0.51374
-0.60984
-0.71126
-0.81813
-0.92755
-1.03775
-1.15563
-1.27402
-1.39103
-1.51117
-1.63333
-1.75301
-1.87607
-1.99373
-2.11029
-2.22559
-2.33947
-2.44544
-2.55492
-2.65472
-2.75068
-2.84214
-2.93066
-3.01406
-3.09023
-3.16428
-3.23012
-3.29244
-3.34566
-3.39347
-3.43088
-3.46270
-3.48782
-3.50775
-3.51650
-3.52517
-3.52595
-3.52137
-3.51021
-3.49159
-3.46760
-3.43706
-3.40356
-3.36041
-3.31232
-3.26168
-3.20150
-3.13628
-3.06904
-2.99526
-2.91557
-2.83265
-2.74431
-2.65296
-2.56231
-2.46405
-2.36208
-2.25882
-2.15687
-2.04883
-1.94250
-1.83409
-1.72480
-1.61543
-1.50660
-1.39860
-1.28753
-1.17931
-1.06953
-0.96350
-0.85583
-0.74720
-0.64254
-0.53846
-0.43609
-0.33475
-0.23599
-0.14025
-0.04497
0.04461
0.13237
0.21575
0.29404
0.37360
0.44619
0.51569
0.58057
0.64489
0.70272
0.75959
0.81339
0.86428
0.91345
0.95834
0.99937
1.03863
1.07746
1.11234
1.14054
1.17104
1.19730
1.21944
1.24054
1.25900
1.27641
1.28936
1.30415
1.31696
1.33030
1.33852
1.34921
1.35497
1.36428
1.37352
1.38065
1.38555
1.39191
1.39832
1.40245
1.40526
1.40663
1.41143
1.41261
1.41220
1.41099
1.41215
1.41042
1.41032
1.40839
1.40866
1.40635
1.40374
1.40036
1.39988
1.39968
1.39687
1.39262
1.38950
1.38919
1.38627
1.38146
1.37724
1.37468
1.37277
1.37176
1.36188
1.35515
1.35152
1.34289
1.33621
1.32720
1.31930
1.31297
1.30371
1.29482
1.28197
1.26970
1.26121
1.24667
1.23441
1.22127
1.20713
1.19027
1.17402
1.15599
1.13464
1.11282
1.09294
1.06990
1.04345
1.01936
0.99223
0.96621
0.94005
0.91050
0.87958
0.84985
0.81775
0.78631
0.75246
0.71577
0.68177
0.64471
0.60479
0.56571
0.52340
0.48362
0.43902
0.39650
0.35334
0.30719
0.26335
0.22103
0.18013
0.13441
0.09022
0.04651
0.00561
-0.03635
-0.07778
-0.11491
-0.15427
-0.19167
-0.22450
-0.25460
-0.28358
-0.30864
-0.32900
-0.34481
-0.35711
-0.36283
-0.36545
-0.36232
-0.35749
-0.34642
-0.33115
-0.31124
-0.29096
-0.26712
-0.24035
-0.21280
-0.18614
-0.15658
-0.12593
-0.09801
-0.06924
-0.04426
-0.01944
0.00126
0.01986
0.03640
0.04501
0.05079
0.05595
0.05312
0.04526
0.02954
0.00863
-0.01761
-0.04487
-0.06634
-0.08253
-0.08474
-0.08014
-0.07195
-0.07468
-0.07518
-0.07615
-0.07759
-0.07834
-0.08056
-0.08121
-0.08230
-0.08104
-0.08221
-0.08184
-0.07902
-0.07424
-0.07025
-0.06581
-0.05844
-0.05258
-0.04883
-0.04264
-0.03635
-0.03061
-0.02794
-0.02228
-0.01635
-0.01300
-0.00642
0.00115
0.00491
0.00938
0.01334
0.02028
0.02575
0.03344
0.03916
0.04571
0.05260
0.06023
0.06732
0.07594
0.08464
0.09326
0.10358
0.11189
0.11828
0.12584
0.13240
0.13536
0.13303
0.13021
0.12968
0.12489
0.12331
0.12235
0.11936
0.11304
0.11148
0.11921
0.12501
0.12614
0.11779
0.10513
0.09679
0.08837
0.08421
0.07757
0.07257
0.06835
0.06636
0.06454
0.06079
0.05978
0.05884
0.05617
0.05839
0.05631
0.05802
0.05566
0.05535
0.05263
0.04508
0.03576
0.02673
0.01577
0.00675
-0.00262
-0.00665
-0.00968
-0.01128
-0.01132
-0.00863
-0.00802
-0.00715
-0.00466
-0.00183
-0.00025
0.00238
0.00511
0.00709
0.01110
0.01281
0.01271
0.01459
0.01616
0.01579
0.01638
0.01595
0.01507
0.01716
0.01610
0.01439
0.01343
0.01482
0.01624
0.01600
0.01709
0.01862
0.01907
0.02204
0.02202
0.02368
0.02420
0.02534
0.02360
0.02284
0.02476
0.01842
0.01824
0.01584
0.01505
0.01528
0.01326
0.01380
0.01334
0.01257
0.01263
0.01443
0.01390
0.01693
0.01866
0.01891
0.02020
0.02174
0.02524
0.02663
0.02492
0.02613
0.02729
0.02680
0.03030
0.02939
0.02920
0.03095
0.03294
0.03211
0.03386
0.03632
0.03741
0.03763
0.04072
0.04160
0.04137
0.04287
0.04060
0.03890
0.04107
0.03894
0.03872
0.03704
0.03281
0.03146
0.02982
0.02801
0.02859
0.02726
0.02676
0.02558
0.02582
0.02266
0.02241
0.02175
0.01827
0.01408
0.01066
0.00778
0.00080
-0.00670
-0.01485
-0.02264
-0.02870
-0.03755
-0.04757
-0.05513
-0.06509
-0.07217
-0.08097
-0.09016
-0.09631
-0.10400
-0.11202
-0.11563
-0.12021
-0.12691
-0.13228
-0.13608
-0.13926
-0.14158
-0.14498
-0.14453
-0.14618
-0.14627
-0.14437
-0.14073
-0.13321
-0.12744
-0.11890
-0.10844
-0.09980
-0.08624
-0.06932
-0.05738
-0.05646
-0.06188
-0.06888
-0.07160
-0.06395
-0.05689
-0.05402
-0.06322
-0.06589
-0.06661
-0.06295
-0.06573
-0.06617
-0.06549
-0.06348
-0.06343
-0.06172
-0.06449
-0.05959
-0.06295
-0.06198
-0.06016
-0.06049
-0.05803
-0.05604
-0.05225
-0.05017
-0.04465
-0.03849
-0.03228
-0.02536
-0.01546
-0.00831
-0.00130
0.00652
0.01199
0.01829
0.02279
0.02479
0.02946
0.03008
0.03245
0.03534
0.03822
0.03990
0.04269
0.04506
0.05274
0.05859
0.05520
0.05060
0.04280
0.04180
0.04388
0.04499
0.04463
0.04245
0.03761
0.03484
0.03386
0.03715
0.03765
0.03766
0.03454
0.03391
0.03124
0.03042
0.02830
0.02319
0.01952
0.01687
0.01204
0.00606
0.00148
-0.00313
-0.00855
-0.01088
-0.00920
-0.00627
-0.00499
-0.00758
-0.00562
-0.00620
-0.00279
-0.00412
-0.00307
-0.00162
-0.00233
-0.00140
-0.00029
-0.00232
-0.00250
-0.00353
-0.00201
-0.00281
-0.00087
-0.00039
-0.00199
0.00109
0.00147
-0.00140
-0.00071
0.00123
-0.00115
0.00010
0.00100
-0.00028
-0.00108
0.00042
-0.00180
-0.00273
-0.00261
-0.00305
-0.00146
-0.00122
-0.00148
-0.00216
-0.00154
-0.00274
-0.00126
-0.00120
0.00180
-0.00024
-0.00142
0.00021
0.00094
0.00085
0.00057
-0.00101
-0.00040
-0.00087
0.00189
0.00110
0.00090
0.00138
0.00145
0.00136
0.00017
0.00211
0.00115
-0.00005
-0.00200
-0.00115
-0.00017
-0.00062
0.00194
0.00156
-0.00006
-0.00060
-0.00008
-0.00051
-0.00193
-0.00198
0.00009
-0.00117
0.00120
0.00035
-0.00064
-0.00132
0.00028
-0.00025
-0.00100
0.00146
0.00220
0.00080
0.00021
0.00116
0.00057
-0.00180
-0.00082
0.00166
-0.00084
-0.00113
0.00128
0.00088
0.00061
-0.00058
0.00108
0.00032
0.00100
0.00041
-0.00015
-0.00100
0.00127
-0.00122
0.00042
-0.00011
-0.00012
0.00041
-0.00014
-0.00055
0.00037
-0.00107
0.00074
-0.00028
-0.00142
-0.00020
0.00167
0.00041
0.00001
-0.00151
-0.00194
-0.00168
-0.00293
-0.00058
0.00028
-0.00152
-0.00264
-0.00351
-0.00107
-0.00240
-0.00359
-0.00301
-0.00197
-0.00319
-0.00340
-0.00450
-0.00322
-0.00526
-0.00303
-0.00348
-0.00123
-0.00100
0.00047
0.00276
0.00425
0.00590
0.00669
0.00670
0.00989
0.00945
0.00853
0.01024
0.00896
0.01007
0.00961
0.01015
0.01080
0.01020
0.01199
0.00987
0.01126
0.00977
0.01344
0.01312
0.01452
0.01344
0.01428
0.01544
0.01727
0.01608
0.01748
0.01849
0.01713
0.01869
0.01876
0.01815
0.01918
0.02022
0.01867
0.01943
0.01862
0.01860
0.01948
0.01973
0.01637
0.01951
0.02057
0.01830
0.01858
0.01711
0.01717
0.01532
0.01553
0.01621
0.01607
0.01592
0.01722
0.01660
0.01423
0.01255
0.01140
0.00933
0.00579
0.00340
-0.00006
-0.00094
0.00145
0.00282
0.00481
0.00687
0.00423
0.00051
0.00282
0.00289
0.00143
-0.00002
0.00229
0.00138
-0.00139
0.00043
0.00055
-0.00016
0.00081
0.00046
0.00071
0.00045
0.00107
0.00005
-0.00224
-0.00021
0.00051
-0.00000
-0.00049
0.00282
0.00082
-0.00023
-0.00043
-0.00138
-0.00151
0.00043
0.00030
0.00087
-0.00008
-0.00050
0.00061
-0.00037
-0.00097
-0.00048
0.00148
-0.00026
-0.00068
0.00121
-0.00037
0.00025
0.00093
0.00066
0.00111
-0.00110
-0.00127
-0.00102
-0.00227
0.00102
0.00270
0.00196
0.00214
0.00125
0.00350
0.00670
0.00721
0.00884
0.00704
0.00827
0.01119
0.01043
0.00972
0.01268
0.01064
0.01365
0.01191
0.01183
0.01441
0.01086
0.01236
0.01098
0.01087
0.01204
0.01242
0.01301
0.01472
0.01547
0.01444
0.01312
0.01461
0.01450
0.01487
0.01454
0.01218
0.01188
0.01198
0.01128
0.01349
0.01139
0.01132
0.01239
0.01083
0.01243
0.01005
0.01028
0.01139
0.01024
0.00929
0.00749
0.00823
0.00784
0.00904
0.00825
0.00778
0.00776
0.00678
0.00702
0.00511
0.00427
0.00179
0.00060
0.00069
0.00186
0.00179
0.00239
0.00319
0.00186
0.00065
0.00140
-0.00172
-0.00041
0.00122
-0.00100
0.00009
0.00078
-0.00075
0.00075
-0.00005
0.00053
-0.00104
-0.00044
0.00151
-0.00126
-0.00063
0.00080
0.00123
-0.00155
0.00150
-0.00035
0.00043
-0.00080
0.00065
-0.00056
0.00009
-0.00037
-0.00004
-0.00023
0.00083
0.00065
-0.00033
0.00020
-0.00027
-0.00053
-0.00047
-0.00112
-0.00250
-0.00367
-0.00408
-0.00719
-0.00640
-0.00597
-0.00720
-0.00866
-0.00969
-0.00745
-0.00296
-0.00210
0.00300
0.00598
0.01115
0.01443
0.02082
0.02560
0.02717
0.03261
0.03654
0.03781
0.03778
0.04128
0.05711
0.07836
0.09510
0.09928
0.08748
0.05836
0.02437
-0.00920
-0.03632
-0.05934
-0.07435
-0.08641
-0.09110
-0.09288
-0.08873
-0.08343
-0.07484
-0.06103
-0.04756
-0.03339
-0.01957
-0.00665
0.00506
0.02002
0.02887
0.03698
0.03592
0.03274
0.02586
0.01547
0.00183
-0.00102
-0.00221
0.00326
0.02060
0.04659
0.07223
0.11383
0.16766
0.23083
0.30358
0.37969
0.45551
0.52467
0.58410
0.63312
0.66259
0.67735
0.67334
0.65200
0.61623
0.56379
0.50192
0.42733
0.34532
0.25507
0.16044
0.05984
-0.04352
-0.14621
-0.25053
-0.35403
-0.45668
-0.55426
-0.65306
-0.74570
-0.83487
-0.91878
-0.99957
-1.07342
-1.14016
-1.19826
-1.25339
-1.29703
-1.33413
-1.36135
-1.38292
-1.39504
-1.40020
-1.40220
-1.39406
-1.38165
-1.36489
-1.34137
-1.31365
-1.28152
-1.24063
-1.20022
-1.15112
-1.09706
-1.03850
-0.97466
-0.90432
-0.82904
-0.75270
-0.66682
-0.57666
-0.48104
-0.38300
-0.28157
-0.17399
-0.06517
0.04798
0.16272
0.28100
0.39997
0.52415
0.64766
0.77086
0.89538
1.02017
1.14139
1.26216
1.38298
1.50166
1.61246
1.72468
1.82961
1.93049
2.02352
2.11188
2.19123
2.26491
2.33226
2.39308
2.44429
2.48849
2.52396
2.54860
2.56621
2.57484
2.57377
2.56128
2.53954
2.50971
2.46825
2.41702
2.35477
2.28385
2.19971
2.10520
2.00261
1.88935
1.76593
1.63487
1.49343
1.34562
1.18751
1.02341
0.84947
0.67022
0.48700
0.29805
0.10222
-0.09527
-0.29671
-0.50188
-0.70764
-0.91326
-1.11962
-1.32474
-1.52807
-1.72876
-1.92872
-2.12321
-2.31257
-2.49713
-2.67853
-2.84881
-3.01361
-3.17237
-3.31772
-3.46451
-3.59647
-3.71745
-3.82348
-3.91330
-3.99175
-4.05686
-4.10779
-4.14866
-4.17381
-4.18429
-4.18173
-4.16214
-4.12776
-4.07589
-4.00933
-3.92853
-3.83097
-3.72418
-3.60232
-3.46730
-3.31946
-3.16171
-2.99117
-2.81186
-2.62192
-2.42353
-2.21959
-2.00621
-1.78810
-1.56316
-1.33646
-1.10578
-0.87548
-0.64237
-0.40852
-0.17594
0.05597
0.28130
0.50504
0.72248
0.93541
1.14302
1.34578
1.54130
1.72966
1.90925
2.08155
2.24436
2.40095
2.54483
2.67987
2.80657
2.92281
3.02948
3.12678
3.21118
3.28367
3.35065
3.40520
3.45061
3.48507
3.50776
3.52368
3.53121
3.52703
3.51745
3.49444
3.46639
3.43059
3.38504
3.33471
3.27500
3.20969
3.13877
3.06163
2.97856
2.89125
2.79788
2.70144
2.60092
2.49891
2.39089
2.28326
2.17029
2.05499
1.94514
1.82902
1.71372
1.59884
1.48395
1.37256
1.26184
1.15268
1.04397
0.93833
0.83357
0.73308
0.63901
0.54720
0.45931
0.37516
0.29703
0.22266
0.14990
0.08400
0.01972
-0.03889
-0.08621
-0.13056
-0.16703
-0.19795
-0.22218
-0.24246
-0.25661
-0.26775
-0.27247
-0.27444
-0.26973
-0.25943
-0.24451
-0.22571
-0.20100
-0.17296
-0.14135
-0.10885
-0.06774
-0.02648
0.01494
0.06296
0.11059
0.16078
0.21094
0.26240
0.31048
0.36072
0.41223
0.45956
0.50621
0.55132
0.59391
0.63562
0.67186
0.70686
0.73626
0.76406
0.78292
0.80203
0.81695
0.82788
0.83126
0.83322
0.82787
0.82046
0.80659
0.78930
0.76522
0.73627
0.70147
0.66556
0.62166
0.57700
0.52790
0.47229
0.41320
0.35304
0.28796
0.22037
0.15000
0.07777
0.00362
-0.07152
-0.14905
-0.22822
-0.30961
-0.38880
-0.47205
-0.55095
-0.63457
-0.71607
-0.79574
-0.87574
-0.95323
-1.02933
-1.10419
-1.17382
-1.24508
-1.30988
-1.37736
-1.43612
-1.49321
-1.54872
-1.59790
-1.64292
-1.68536
-1.72094
-1.75541
-1.78706
-1.81261
-1.83536
-1.85760
-1.87106
-1.88071
-1.88658
-1.88826
-1.88416
-1.87598
-1.86582
-1.85129
-1.83379
-1.80953
-1.78480
-1.75451
-1.72326
-1.68466
-1.64321
-1.60182
-1.55378
-1.50410
-1.45129
-1.39274
-1.33426
-1.27245
-1.20872
-1.14457
-1.07471
-1.00363
-0.93434
-0.86084
-0.78224
-0.70594
-0.62664
-0.54785
-0.46577
-0.38360
-0.29932
-0.21719
-0.12985
-0.04312
0.04387
0.13205
0.22076
0.30901
0.39627
0.48347
0.57224
0.66086
0.74712
0.83239
0.91631
0.99899
1.07760
1.15466
1.22815
1.29193
1.34613
1.39147
1.42014
1.42607
1.41368
1.38941
1.35572
1.32658
1.30743
1.29974
1.31500
1.33132
1.34040
1.33973
1.32741
1.30601
1.27990
1.25868
1.25057
1.25324
1.25771
1.25816
1.25292
1.24506
1.23368
1.21272
1.19289
1.17147
1.15013
1.12851
1.10970
1.09061
1.07622
1.06500
1.05584
1.04722
1.04018
1.03870
1.03362
1.03722
1.03357
1.03600
1.03633
1.03862
1.03922
1.03738
1.03573
1.02862
1.01937
1.01339
1.00161
0.98564
0.96979
0.95659
0.93704
0.91748
0.89511
0.87225
0.84652
0.82304
0.79702
0.77089
0.74125
0.71372
0.68184
0.65354
0.62084
0.58811
0.55411
0.52013
0.48635
0.45243
0.41753
0.38485
0.35209
0.31919
0.28851
0.25895
0.23089
0.20133
0.17413
0.14807
0.12372
0.10082
0.07954
0.05964
0.03882
0.02151
0.00244
-0.01367
-0.02729
-0.04169
-0.05541
-0.06514
-0.07715
-0.08970
-0.09869
-0.11039
-0.11845
-0.12405
-0.13135
-0.13761
-0.14220
-0.14678
-0.15594
-0.15754
-0.16252
-0.16637
-0.17106
-0.17422
-0.17822
-0.18241
-0.18300
-0.18617
-0.18891
-0.18874
-0.19276
-0.19639
-0.19698
-0.19976
-0.20091
-0.20252
-0.20236
-0.19974
-0.19943
-0.19728
-0.19812
-0.20357
-0.20668
-0.21258
-0.21654
-0.22147
-0.22648
-0.23189
-0.23711
-0.24734
-0.25401
-0.26082
-0.26878
-0.27730
-0.28760
-0.29288
-0.30255
-0.31062
-0.31641
-0.32571
-0.33445
-0.34086
-0.34804
-0.35849
-0.36612
-0.37211
-0.37810
-0.38380
-0.38922
-0.39495
-0.39788
-0.40214
-0.40658
-0.41129
-0.41361
-0.41304
-0.41558
-0.41483
-0.41331
-0.41183
-0.40970
-0.40607
-0.40503
-0.39966
-0.39329
-0.38621
-0.37974
-0.37364
-0.36465
-0.35484
-0.34211
-0.32999
-0.31716
-0.30323
-0.28883
-0.27308
-0.25760
-0.24362
-0.22069
-0.20241
-0.18493
-0.16549
-0.14432
-0.12686
-0.10597
-0.08782
-0.06716
-0.04978
-0.03122
-0.01780
0.00026
0.01277
0.02536
0.03425
0.04362
0.05074
0.05602
0.05994
0.06461
0.06655
0.06846
0.06943
0.07266
0.07470
0.07422
0.07379
0.07332
0.07503
0.07942
0.08543
0.09533
0.10725
0.12271
0.14214
0.16315
0.18635
0.20453
0.21796
0.22113
0.21596
0.21119
0.21548
0.21635
0.21208
0.21446
0.21414
0.21401
0.21347
0.21197
0.20926
0.20269
0.19948
0.19308
0.18588
0.17873
0.16979
0.16180
0.15498
0.14207
0.13282
0.12498
0.11594
0.10225
0.09172
0.07947
0.06829
0.05628
0.04404
0.03148
0.01961
0.00922
-0.00308
-0.01648
-0.02646
-0.03810
-0.04719
-0.05762
-0.06622
-0.07729
-0.08850
-0.09575
-0.10422
-0.10987
-0.11627
-0.12391
-0.12954
-0.13442
-0.13980
-0.14355
-0.14715
-0.15039
-0.15313
-0.15499
-0.15724
-0.15790
-0.16178
-0.16073
-0.16145
-0.16040
-0.16087
-0.15947
-0.15799
-0.15591
-0.15333
-0.15028
-0.14641
-0.14246
-0.14084
-0.13318
-0.12890
-0.12259
-0.11548
-0.10798
-0.10040
-0.09197
-0.08280
-0.07371
-0.06620
-0.05510
-0.04532
-0.03658
-0.02560
-0.01379
-0.00406
0.00677
0.01678
0.02645
0.03777
0.04693
0.05801
0.06559
0.07705
0.08459
0.09506
0.10210
0.10991
0.11736
0.12533
0.13381
0.13810
0.14413
0.15075
0.15832
0.16221
0.16721
0.17239
0.17647
0.18356
0.18817
0.18775
0.18483
0.18528
0.19014
0.19246
0.18796
0.18202
0.18815
0.19264
0.19417
0.18750
0.19564
0.19887
0.19152
0.17454
0.15581
0.13521
0.11686
0.10050
0.08475
0.06994
0.05621
0.04329
0.03310
0.02088
0.00996
0.00017
-0.00886
-0.01829
-0.02641
-0.03257
-0.04245
-0.04881
-0.05333
-0.06338
-0.06671
-0.07371
-0.08220
-0.08594
-0.09261
-0.09761
-0.10606
-0.11197
-0.11812
-0.12399
-0.12950
-0.13414
-0.13910
-0.14737
-0.15202
-0.15484
-0.16184
-0.16710
-0.17028
-0.17432
-0.17907
-0.17996
-0.17870
-0.17383
-0.17145
-0.17236
-0.17486
-0.17599
-0.17183
-0.16029
-0.14900
-0.13550
-0.11937
-0.10547
-0.09041
-0.07425
-0.05988
-0.04378
-0.02993
-0.01322
0.00009
0.01570
0.02924
0.04143
0.05387
0.06560
0.07604
0.08359
0.09369
0.09904
0.10458
0.11121
0.11296
0.11333
0.11408
0.11754
0.12037
0.12329
0.12872
0.13495
0.14273
0.15289
0.16100
0.17021
0.17803
0.18425
0.18639
0.18962
0.19206
0.19562
0.19850
0.20308
0.20812
0.20974
0.20149
0.19206
0.18178
0.17132
0.16185
0.15221
0.14448
0.13521
0.12686
0.11730
0.10948
0.10246
0.09451
0.08539
0.07834
0.07035
0.06196
0.05243
0.04514
0.03913
0.03286
0.02661
0.01712
0.01167
0.00300
-0.00412
-0.01343
-0.02077
-0.02938
-0.03739
-0.04636
-0.05291
-0.06240
-0.07045
-0.08140
-0.09130
-0.10219
-0.11041
-0.12419
-0.13227
-0.14580
-0.15752
-0.16936
-0.18326
-0.20016
-0.21203
-0.22294
-0.22812
-0.22612
-0.21895
-0.21426
-0.21684
-0.22153
-0.22131
-0.21331
-0.20691
-0.20684
-0.20960
-0.21305
-0.20675
-0.20026
-0.19876
-0.19715
-0.19739
-0.19670
-0.19854
-0.19951
-0.19545
-0.19295
-0.18830
-0.18949
-0.18735
-0.19030
-0.18668
-0.18697
-0.18814
-0.18358
-0.18057
-0.17819
-0.17283
-0.16437
-0.15749
-0.14857
-0.14061
-0.13077
-0.11834
-0.10611
-0.09136
-0.07697
-0.06232
-0.04651
-0.02690
-0.00878
0.01106
0.03444
0.05597
0.08001
0.09583
0.10796
0.10996
0.10161
0.09748
0.09208
0.08443
0.08316
0.07843
0.07798
0.07663
0.07667
0.07653
0.07769
0.07597
0.07552
0.07431
0.07377
0.07303
0.07240
0.07043
0.06686
0.06544
0.06102
0.05683
0.05052
0.04584
0.03693
0.02584
0.01521
0.00210
-0.01010
-0.01299
-0.00923
-0.00272
-0.00368
-0.00398
-0.00228
0.00200
0.00495
0.00657
0.00428
0.00481
0.00719
0.00575
0.00727
0.00830
0.00773
0.00883
0.00895
0.00988
0.00820
0.00994
0.00837
0.00878
0.00822
0.00780
0.01003
0.00855
0.00976
0.01099
0.00889
0.00866
0.00828
0.00723
0.00544
0.00782
0.00579
0.00396
0.00362
0.00573
0.00754
0.00580
0.00401
0.00333
0.00531
0.00521
0.00439
0.00269
0.00403
0.00299
0.00333
0.00177
0.00317
0.00082
0.00160
0.00151
0.00126
-0.00081
0.00002
0.00040
-0.00147
-0.00008
0.00121
-0.00001
0.00104
-0.00148
-0.00148
-0.00098
0.00001
-0.00055
0.00122
0.00056
-0.00089
0.00043
0.00050
0.00116
-0.00096
-0.00071
-0.00048
-0.00039
0.00060
0.00047
-0.00051
-0.00138
0.00098
-0.00066
-0.00043
-0.00090
0.00102
-0.00167
-0.00192
0.00252
0.00018
0.00090
-0.00282
0.00026
0.00165
0.00362
0.00171
-0.00111
-0.00180
-0.00093
-0.00051
-0.00320
-0.00129
0.00003
0.00169
0.00195
0.00248
-0.00204
-0.00253
-0.00021
-0.00370
-0.00163
0.00054
0.00278
0.00481
0.00214
-0.00169
-0.00414
-0.00159
0.00306
0.00103
-0.00160
0.00126
-0.00078
0.00025
0.00026
-0.00031
-0.00001
-0.00055
0.00034
-0.00112
-0.00043
0.00145
-0.00022
-0.00099
-0.00097
0.00012
-0.00151
-0.00056
-0.00003
0.00131
0.00092
0.00022
0.00037
0.00093
0.00060
-0.00103
-0.00135
-0.00061
-0.00015
0.00125
-0.00073
0.00061
-0.00037
-0.00151
-0.00112
0.00151
0.00155
0.00096
-0.00121
0.00106
-0.00055
-0.00087
0.00075
0.00036
-0.00069
0.00063
-0.00119
0.00136
-0.00077
0.00020
-0.00089
0.00012
-0.00071
-0.00095
0.00046
-0.00196
-0.00083
0.00066
0.00101
-0.00053
-0.00172
-0.00155
-0.00050
0.00030
0.00017
0.00217
0.00142
0.00005
-0.00044
-0.00179
-0.00292
0.00043
-0.00031
0.00355
0.00291
0.00248
0.00151
-0.00135
-0.00262
0.00257
0.00019
0.00106
-0.00170
0.00039
0.00127
-0.00038
0.00076
-0.00092
0.00036
0.00069
-0.00057
0.00060
0.00062
-0.00060
0.00044
0.00059
-0.00055
-0.00072
0.00088
0.00077
0.00041
0.00094
0.00023
0.00126
0.00144
-0.00094
-0.00021
0.00085
-0.00215
-0.00064
0.00203
0.00146
0.00025
-0.00201
-0.00084
-0.00121
-0.00187
-0.00132
0.00035
0.00174
-0.00040
-0.00032
-0.00190
0.00053
-0.00212
-0.00002
0.00206
0.00147
0.00076
-0.00044
-0.00158
0.00049
-0.00116
-0.00105
0.00014
-0.00077
-0.00073
0.00012
0.00055
0.00146
0.00048
0.00072
-0.00027
-0.00160
0.00224
0.00087
0.00028
0.00150
0.00096
0.00056
0.00082
0.00022
-0.00050
0.00016
0.00020
-0.00199
-0.00067
0.00144
-0.00081
0.00200
0.00163
-0.00111
-0.00017
-0.00175
-0.00124
-0.00072
0.00062
0.00180
0.00065
0.00028
-0.00008
-0.00118
-0.00110
0.00097
0.00053
0.00049
-0.00105
0.00140
0.00421
0.00536
0.00560
0.00558
0.00604
0.00668
0.00792
0.00549
0.00939
0.00922
0.01227
0.01367
0.00802
0.01249
0.01921
0.02514
0.02921
0.02935
0.03115
0.03145
0.03687
0.03713
0.02634
0.00875
-0.00256
-0.00757
-0.01004
-0.01576
-0.02053
-0.02622
-0.02945
-0.02750
-0.02221
-0.01125
0.00336
0.02435
0.05340
0.07980
0.11439
0.15190
0.19022
0.23041
0.27113
0.30499
0.33086
0.35329
0.36220
0.36251
0.35330
0.33557
0.30868
0.27234
0.23185
0.18011
0.12601
0.06281
-0.00423
-0.07188
-0.14473
-0.21661
-0.29004
-0.36410
-0.43450
-0.50205
-0.56602
-0.62318
-0.67730
-0.72597
-0.76327
-0.79548
-0.81960
-0.83565
-0.84150
-0.83828
-0.83349
-0.81681
-0.79637
-0.77081
-0.73875
-0.70373
-0.66408
-0.62007
-0.57412
-0.52299
-0.47031
-0.41249
-0.35530
-0.29506
-0.23236
-0.16857
-0.10228
-0.03516
0.03681
0.11104
0.18578
0.26323
0.34358
0.42570
0.51042
0.59528
0.68164
0.77053
0.85967
0.94820
1.04033
1.12961
1.21952
1.31182
1.40405
1.49341
1.58298
1.66848
1.75195
1.83426
1.91232
1.98824
2.05964
2.12622
2.18759
2.24668
2.29564
2.34195
2.38029
2.41110
2.43578
2.45476
2.46535
2.47117
2.46540
2.45415
2.43215
2.40454
2.36690
2.32061
2.26598
2.20366
2.13138
2.05201
1.96431
1.86741
1.76260
1.65312
1.53571
1.41100
1.27730
1.13964
1.00135
0.85248
0.69868
0.54578
0.38780
0.22748
0.06413
-0.09971
-0.26342
-0.42887
-0.59733
-0.75958
-0.92609
-1.08683
-1.24878
-1.40481
-1.56199
-1.71529
-1.86570
-2.00707
-2.14269
-2.26933
-2.39086
-2.50695
-2.61548
-2.71872
-2.81304
-2.90042
-2.97913
-3.05094
-3.11073
-3.16257
-3.20473
-3.24128
-3.26620
-3.28316
-3.29134
-3.29311
-3.28443
-3.26929
-3.24676
-3.21660
-3.17790
-3.13553
-3.08345
-3.03015
-2.96979
-2.90335
-2.83633
-2.76246
-2.68796
-2.60502
-2.52726
-2.44654
-2.36614
-2.28531
-2.20419
-2.12757
-2.05103
-1.98244
-1.91512
-1.85006
-1.79283
-1.73642
-1.68819
-1.64313
-1.60160
-1.56798
-1.54055
-1.51858
-1.50305
-1.49223
-1.48829
-1.48702
-1.49109
-1.50387
-1.51984
-1.54317
-1.57075
-1.60263
-1.63721
-1.67714
-1.72052
-1.76861
-1.81990
-1.87065
-1.92743
-1.98434
-2.04283
-2.10209
-2.16539
-2.22621
-2.28792
-2.35209
-2.41491
-2.47634
-2.53507
-2.59396
-2.65260
-2.71075
-2.76210
-2.81161
-2.85687
-2.90385
-2.94262
-2.98095
-3.01434
-3.04454
-3.07184
-3.09570
-3.11333
-3.12833
-3.13689
-3.14602
-3.14742
-3.14653
-3.14126
-3.13342
-3.12022
-3.10196
-3.08003
-3.05855
-3.02763
-2.99646
-2.96237
-2.92297
-2.88064
-2.83939
-2.79132
-2.74285
-2.68988
-2.63751
-2.57824
-2.51697
-2.45762
-2.39310
-2.32642
-2.26038
-2.18938
-2.11912
-2.04804
-1.97224
-1.89945
-1.82408
-1.74716
-1.66760
-1.59033
-1.51017
-1.43085
-1.34949
-1.26512
-1.18578
-1.10119
-1.01667
-0.93627
-0.84962
-0.76496
-0.68083
-0.59598
-0.51244
-0.42626
-0.34149
-0.25547
-0.16829
-0.08194
0.00312
0.08954
0.17325
0.25771
0.34339
0.43059
0.51324
0.59782
0.67870
0.75901
0.83807
0.91919
0.99619
1.06905
1.14336
1.21662
1.28481
1.35088
1.41311
1.47325
1.52917
1.58109
1.63093
1.67478
1.71124
1.74588
1.77548
1.79873
1.81560
1.82592
1.83086
1.82720
1.81978
1.80803
1.78739
1.76141
1.72986
1.69401
1.65101
1.60414
1.55205
1.49638
1.43479
1.37169
1.30187
1.22784
1.15311
1.07430
0.99215
0.90701
0.82063
0.73158
0.64145
0.54959
0.45927
0.36742
0.27536
0.18655
0.09735
0.00895
-0.07361
-0.15686
-0.23078
-0.30055
-0.36035
-0.41307
-0.45696
-0.48832
-0.50312
-0.50118
-0.48616
-0.45390
-0.41215
-0.36167
-0.29708
-0.23078
-0.16105
-0.09111
-0.02445
0.03053
0.07790
0.10599
0.11355
0.09922
0.07160
0.03937
0.01351
0.01345
0.02988
0.00425
0.00000
