0.00217
-0.00024
0.00320
0.00406
0.00234
0.00182
0.00423
0.00612
0.00388
0.00096
0.00251
0.00200
0.00423
0.00766
0.00646
0.00766
0.00406
0.00509
0.00663
0.00423
0.00715
0.00371
0.00234
0.00509
0.00423
0.00526
0.00337
0.00114
0.00131
-0.00024
0.00096
-0.00024
-0.00093
-0.00041
0.00011
-0.00161
-0.00041
0.00148
-0.00385
-0.00299
-0.00367
-0.00213
-0.00075
0.00337
0.00509
0.00354
0.00079
0.00406
0.00560
0.00543
0.00114
0.00457
0.00457
0.00371
0.00749
0.00560
0.00406
0.00629
0.00681
0.00629
0.00698
0.00217
0.00354
0.00320
0.00715
0.00388
0.00406
-0.00161
0.00268
0.00165
-0.00161
-0.00282
-0.00093
-0.00144
-0.00041
0.00131
-0.00144
-0.00058
-0.00213
-0.00127
-0.00264
-0.00213
-0.00264
0.00114
0.00303
0.00526
0.00234
0.00303
0.00354
0.00681
0.00715
0.00663
0.00612
0.00595
0.00577
0.00663
0.00526
0.00715
0.00595
0.00388
0.00509
0.00492
0.00165
0.00251
0.00268
0.00251
0.00474
0.00337
0.00131
0.00096
0.00011
-0.00161
-0.00024
0.00182
0.00114
-0.00093
-0.00093
0.00148
-0.00058
-0.00093
-0.00041
0.00045
0.00028
0.00148
0.00251
0.00337
0.00423
0.00474
0.00698
0.00560
0.00457
0.00577
0.00492
0.00560
0.00715
0.00646
0.00474
0.00818
0.00440
0.00749
0.00681
0.00784
0.00457
0.00526
0.00114
0.00251
0.00354
0.00114
0.00217
-0.00093
-0.00178
0.00045
-0.00247
-0.00591
-0.00264
-0.00144
-0.00093
0.00182
0.00045
0.00148
0.00165
0.00440
0.00371
0.00509
0.00715
0.00646
0.00595
0.01007
0.00938
0.01076
0.00852
0.00990
0.00749
0.00852
0.00612
0.00560
0.00457
0.00371
0.00131
0.00543
0.00234
0.00200
-0.00110
-0.00230
-0.00299
0.00045
-0.00230
-0.00299
-0.00453
0.00165
-0.00041
0.00182
-0.00247
-0.00127
-0.00127
0.00217
-0.00058
0.00388
0.00285
0.00560
0.00698
0.00818
0.00217
0.00646
0.00732
0.00852
0.00784
0.00715
0.00973
0.00818
0.00698
0.00663
0.00766
0.00698
0.00474
0.00492
0.00371
0.00354
0.00560
0.00543
0.00612
0.00457
0.00577
0.00234
0.00165
-0.00247
0.00268
0.00096
-0.00041
0.00045
0.00492
0.00234
-0.00144
0.00285
-0.00007
0.00062
0.00028
0.00148
0.00096
0.00268
0.00492
0.00182
0.00423
0.00337
0.00131
0.00028
0.00354
0.00337
0.00423
0.00131
0.00509
0.00457
0.00440
0.00388
0.00560
0.00337
0.00200
0.00526
0.00526
0.00354
0.00509
0.00681
0.00784
0.00852
0.00474
0.00870
0.00251
0.00440
0.00285
0.00251
0.00577
0.00955
0.00182
0.00388
0.00320
0.00200
0.00096
0.00045
0.00474
0.00011
0.00371
-0.00093
0.00148
0.00371
0.00509
0.00509
0.00062
-0.00075
-0.00144
0.00200
0.00045
0.00028
0.00217
0.00131
0.00096
0.00114
0.00079
-0.00075
0.00096
0.00303
0.00320
0.00217
0.00217
0.00560
0.00423
0.00354
0.00526
0.00440
0.00577
0.00526
0.00492
0.00457
0.00852
0.01024
0.00784
0.00887
0.00457
0.00681
0.00474
0.00612
0.00595
0.00663
0.00801
0.00474
0.00440
0.00440
0.00114
0.00165
0.00251
-0.00024
0.00303
0.00217
0.00200
0.00337
0.00234
0.00028
0.00182
0.00182
-0.00075
0.00268
0.00492
0.00303
0.00440
0.00165
0.00371
0.00509
0.00509
0.00492
0.00526
0.00114
0.00440
0.00595
0.00509
0.00509
0.00285
0.00595
0.00200
0.00217
0.00079
0.00096
-0.00161
0.00045
-0.00282
-0.00127
-0.00127
-0.00213
-0.00178
-0.00453
-0.00316
-0.00127
0.00028
-0.00316
0.00234
0.00285
0.00337
0.00526
0.00577
0.00560
0.00595
0.00629
0.00715
0.00698
0.00749
0.00921
0.00818
0.00904
0.00715
0.00560
0.00595
0.00509
0.00303
0.00079
-0.00213
0.00148
-0.00007
-0.00007
-0.00127
-0.00316
-0.00213
-0.00282
-0.00230
-0.00333
-0.00282
-0.00024
0.00234
0.00217
0.00182
0.00543
0.00509
0.00715
0.01299
0.01797
0.02811
0.04014
0.05663
0.07535
0.09889
0.13102
0.16727
0.20781
0.24664
0.29011
0.32962
0.36089
0.38116
0.38666
0.37137
0.33340
0.26537
0.16246
0.02811
-0.14713
-0.35690
-0.59553
-0.85891
-1.14513
-1.43857
-1.72222
-1.98645
-2.21306
-2.38709
-2.48966
-2.50529
-2.42506
-2.22852
-1.91326
-1.48513
-0.94137
-0.28577
0.45933
1.26182
2.10211
2.95717
3.77736
4.50117
5.12532
5.66135
6.07831
6.32124
6.35371
6.18449
5.80807
5.22634
4.42763
3.42259
2.20743
0.87218
-0.49108
-1.85244
-3.23597
-4.57758
-5.76663
-6.77837
-7.32883
-6.87716
-7.08968
-6.90705
-7.07095
-6.92801
-6.96031
-6.58819
-5.82779
-4.78494
-3.57769
-2.25910
-0.89138
0.45607
1.72174
2.89017
3.90570
4.71729
5.41997
6.00255
6.41041
6.60695
6.60678
6.48549
6.24479
5.90119
5.44556
4.89837
4.27765
3.61449
2.93381
2.24814
1.56729
0.94244
0.36948
-0.18613
-0.71614
-1.19994
-1.62481
-1.99848
-2.32782
-2.61250
-2.84546
-3.03634
-3.18598
-3.30023
-3.38200
-3.42856
-3.41843
-3.36740
-3.28150
-3.15900
-2.99046
-2.77743
-2.51715
-2.22319
-1.90038
-1.54629
-1.17245
-0.78108
-0.38697
0.01299
0.39852
0.76549
1.11012
1.42538
1.70284
1.93907
2.12634
2.27082
2.36823
2.42613
2.43902
2.40826
2.33903
2.23526
2.09868
1.93460
1.74493
1.53774
1.31629
1.08676
0.84881
0.61447
0.38168
0.15490
-0.06535
-0.27220
-0.46325
-0.63522
-0.78847
-0.92007
-1.02384
-1.10871
-1.16712
-1.20183
-1.21712
-1.21317
-1.18568
-1.13792
-1.07950
-1.00975
-0.92797
-0.84087
-0.74500
-0.64742
-0.54434
-0.44761
-0.35278
-0.26396
-0.18372
-0.10762
-0.04113
0.02313
0.07982
0.12398
0.16297
0.19579
0.22465
0.24733
0.26279
0.27688
0.28410
0.28976
0.29561
0.29646
0.29492
0.29612
0.29269
0.29217
0.28994
0.28839
0.29320
0.29646
0.30437
0.31811
0.33564
0.35127
0.36725
0.38941
0.40882
0.42858
0.44198
0.45504
0.46174
0.46225
0.45126
0.42978
0.39817
0.35385
0.29492
0.22826
0.14975
0.05972
-0.03992
-0.14163
-0.24918
-0.36085
-0.47132
-0.57457
-0.67491
-0.76081
-0.83915
-0.90186
-0.94756
-0.97419
-0.98450
-0.96886
-0.94120
-0.89413
-0.83228
-0.74775
-0.65395
-0.54588
-0.42940
-0.30192
-0.17427
-0.03992
0.09597
0.22946
0.35557
0.47772
0.59179
0.69539
0.78610
0.86496
0.92578
0.97749
1.00996
1.02766
1.02336
1.00498
0.96770
0.91770
0.85190
0.77081
0.67976
0.57204
0.45555
0.33409
0.20953
0.07913
-0.04783
-0.17359
-0.29522
-0.40947
-0.51547
-0.61289
-0.69278
-0.76528
-0.81888
-0.85856
-0.88846
-0.90014
-0.89138
-0.86922
-0.83073
-0.78228
-0.72095
-0.65086
-0.56513
-0.47562
-0.37889
-0.27581
-0.17616
-0.06999
0.03017
0.12724
0.22379
0.31107
0.39611
0.46844
0.53201
0.58698
0.62633
0.65656
0.67409
0.68113
0.67495
0.65845
0.62736
0.58801
0.53768
0.48184
0.41673
0.35282
0.27568
0.20300
0.13085
0.05594
-0.01312
-0.08047
-0.14833
-0.20898
-0.25777
-0.30588
-0.33903
-0.37339
-0.39418
-0.40775
-0.41617
-0.41394
-0.40346
-0.39229
-0.36910
-0.35123
-0.32048
-0.28663
-0.24952
-0.21207
-0.17513
-0.13356
-0.09284
-0.05384
-0.01467
0.02244
0.05714
0.09150
0.12071
0.14837
0.17139
0.18823
0.20386
0.21452
0.22293
0.21984
0.21606
0.21142
0.20146
0.18600
0.17002
0.15249
0.12982
0.11178
0.08841
0.06556
0.04391
0.02210
0.00577
-0.01106
-0.02378
-0.03855
-0.04714
-0.05298
-0.06192
-0.06501
-0.06381
-0.06466
-0.06140
-0.05573
-0.05247
-0.04645
-0.04319
-0.03426
-0.02962
-0.02085
-0.01725
-0.01278
-0.00591
-0.00419
0.00011
0.00337
0.00406
0.00474
0.00440
0.00354
-0.00127
-0.00264
-0.00556
-0.01244
-0.01622
-0.02446
-0.02962
-0.03408
-0.04233
-0.04783
-0.05522
-0.05625
-0.06260
-0.06484
-0.06415
-0.06123
-0.05556
-0.05281
-0.04680
-0.03907
-0.02910
-0.01450
-0.00075
0.01299
0.02673
0.04237
0.05972
0.07037
0.08291
0.09803
0.10628
0.11487
0.12020
0.12690
0.13291
0.12999
0.12483
0.12277
0.11212
0.10508
0.09666
0.07707
0.06505
0.04632
0.03429
0.01454
-0.00436
-0.02240
-0.03941
-0.05917
-0.07480
-0.08872
-0.10504
-0.11638
-0.12548
-0.13321
-0.14129
-0.14180
-0.14215
-0.13974
-0.13734
-0.13081
-0.12170
-0.10710
-0.09456
-0.07772
-0.06037
-0.04130
-0.02395
-0.00453
0.01402
0.03275
0.04632
0.06625
0.08068
0.09546
0.10594
0.11435
0.12277
0.12844
0.12947
0.13085
0.12913
0.12260
0.12174
0.11607
0.10920
0.10113
0.08824
0.07742
0.06780
0.05319
0.03928
0.02399
0.00732
-0.00161
-0.01536
-0.02549
-0.03958
-0.05126
-0.06415
-0.06965
-0.08202
-0.09164
-0.09559
-0.10023
-0.10555
-0.10521
-0.10590
-0.10315
-0.09679
-0.09215
-0.08872
-0.08184
-0.06707
-0.05848
-0.04817
-0.03460
-0.02051
-0.00608
0.00612
0.01883
0.03103
0.04237
0.05165
0.06178
0.07054
0.07707
0.08412
0.08876
0.09065
0.09099
0.09185
0.09305
0.08876
0.08326
0.08017
0.07364
0.06676
0.05903
0.05027
0.04271
0.03412
0.02433
0.01660
0.00423
-0.00350
-0.01278
-0.01879
-0.03013
-0.03803
-0.04594
-0.05178
-0.05779
-0.06329
-0.07051
-0.07240
-0.07291
-0.07411
-0.07188
-0.07033
-0.06552
-0.06037
-0.05470
-0.04628
-0.03907
-0.03082
-0.02034
-0.01295
0.00028
0.00595
0.01780
0.02502
0.03807
0.04340
0.04873
0.05079
0.05903
0.06195
0.06213
0.05989
0.06195
0.06195
0.06247
0.05732
0.05096
0.04769
0.04357
0.03412
0.03155
0.02364
0.01608
0.00818
0.00406
-0.00299
-0.00797
-0.01776
-0.02395
-0.02670
-0.02859
-0.03219
-0.03666
-0.03752
-0.04078
-0.04096
-0.03718
-0.03821
-0.03443
-0.03030
-0.02807
-0.02085
-0.01793
-0.01106
-0.00694
-0.00264
0.00200
0.00612
0.01213
0.01351
0.01402
0.01969
0.01866
0.02124
0.02124
0.02158
0.02244
0.02158
0.02210
0.02141
0.01694
0.01918
0.01471
0.01436
0.01419
0.01076
0.00835
0.00732
0.00526
0.00526
-0.00024
0.00165
-0.00007
-0.00282
-0.00677
-0.00488
-0.00694
-0.01106
-0.01175
-0.01055
-0.01037
-0.00969
-0.01020
-0.00780
-0.00677
-0.00642
-0.00333
0.00028
-0.00196
0.00062
0.00526
0.00990
0.01179
0.00938
0.00990
0.01436
0.01316
0.01368
0.01230
0.00870
0.01333
0.01677
0.01505
0.01540
0.01814
0.01969
0.02588
0.02862
0.03790
0.04374
0.05336
0.06161
0.07312
0.08429
0.09305
0.10370
0.11504
0.11745
0.11934
0.11968
0.11418
0.10439
0.08601
0.06539
0.03275
-0.00316
-0.04972
-0.09748
-0.15898
-0.22083
-0.28835
-0.35931
-0.42786
-0.49778
-0.56495
-0.62457
-0.67439
-0.70807
-0.73470
-0.74122
-0.73160
-0.69363
-0.63728
-0.55791
-0.44830
-0.31979
-0.16689
0.00354
0.19235
0.39233
0.60193
0.81342
1.02010
1.21544
1.39789
1.55131
1.67398
1.76675
1.81726
1.82912
1.79252
1.70989
1.58258
1.40975
1.19242
0.94416
0.66223
0.35024
0.02708
-0.30450
-0.63316
-0.95512
-1.25320
-1.53049
-1.78252
-1.98714
-2.14193
-2.24364
-2.29810
-2.30652
-2.25498
-2.15258
-1.99865
-1.80159
-1.56158
-1.29443
-1.00099
-0.68882
-0.36944
-0.05367
0.25678
0.54558
0.80758
1.04037
1.24241
1.40820
1.53052
1.60680
1.64752
1.64340
1.60199
1.53241
1.42246
1.29361
1.14294
0.96856
0.78524
0.59643
0.40573
0.22568
0.04855
-0.11122
-0.25588
-0.38130
-0.48197
-0.55739
-0.61065
-0.63556
-0.64312
-0.62663
-0.58746
-0.52681
-0.45174
-0.36944
-0.27736
-0.17857
-0.08064
0.01299
0.10130
0.17930
0.23822
0.28324
0.31072
0.31657
0.30265
0.27310
0.21915
0.15198
0.06934
-0.02034
-0.12308
-0.22856
-0.33302
-0.43232
-0.52355
-0.60327
-0.66219
-0.70824
-0.73418
-0.73693
-0.71889
-0.67628
-0.61254
-0.53197
-0.42768
-0.31223
-0.18269
-0.04731
0.08858
0.23273
0.36982
0.49885
0.61894
0.72219
0.81033
0.88266
0.93231
0.96117
0.97491
0.96203
0.93025
0.87991
0.81582
0.73267
0.64041
0.53046
0.41759
0.29595
0.17225
0.05027
-0.07669
-0.19764
-0.31120
-0.42322
-0.52510
-0.61753
-0.69535
-0.75703
-0.80909
-0.84843
-0.87025
-0.87643
-0.86750
-0.84224
-0.80135
-0.74844
-0.67456
-0.59519
-0.50620
-0.40741
-0.29918
-0.19266
-0.08133
0.03172
0.13978
0.23805
0.33701
0.41896
0.49799
0.55606
0.61138
0.64694
0.67254
0.68216
0.68182
0.66258
0.64591
0.60245
0.55984
0.50521
0.44679
0.37945
0.31416
0.24303
0.17397
0.10078
0.03584
-0.03460
-0.09662
-0.15864
-0.21310
-0.26121
-0.30381
-0.34333
-0.37391
-0.39745
-0.41617
-0.42236
-0.42442
-0.41961
-0.40707
-0.38679
-0.36360
-0.33182
-0.29574
-0.25966
-0.21241
-0.17032
-0.12531
-0.08116
-0.03546
0.01093
0.05302
0.09065
0.12621
0.15284
0.18342
0.20747
0.22311
0.23307
0.23788
0.24235
0.24029
0.23530
0.22242
0.21211
0.19527
0.17672
0.15473
0.13463
0.11126
0.08944
0.06900
0.04580
0.02313
0.00423
-0.01295
-0.02635
-0.04233
-0.05522
-0.06157
-0.06844
-0.07583
-0.07858
-0.07686
-0.07703
-0.07136
-0.06810
-0.06174
-0.05796
-0.05023
-0.04508
-0.03924
-0.03116
-0.02515
-0.01793
-0.01931
-0.01244
-0.01192
-0.00986
-0.00848
-0.00694
-0.00917
-0.01484
-0.01295
-0.01570
-0.02068
-0.02481
-0.02927
-0.02790
-0.03133
-0.03529
-0.03529
-0.03615
-0.03288
-0.03219
-0.02979
-0.02756
-0.02051
-0.01467
-0.01123
-0.00264
0.00474
0.01316
0.02605
0.03309
0.04031
0.05182
0.05989
0.06969
0.07690
0.08188
0.08841
0.09477
0.09992
0.10233
0.10490
0.10113
0.09700
0.09254
0.08498
0.07587
0.06333
0.05422
0.04151
0.02484
0.01041
-0.00711
-0.02240
-0.03615
-0.05470
-0.06810
-0.08047
-0.09164
-0.09988
-0.11105
-0.11363
-0.11947
-0.12325
-0.12067
-0.12016
-0.11895
-0.11054
-0.10384
-0.09353
-0.08184
-0.07222
-0.05728
-0.04491
-0.02790
-0.01536
0.00165
0.01780
0.03429
0.04958
0.06281
0.07621
0.08944
0.10095
0.11212
0.11865
0.12312
0.12964
0.13514
0.13428
0.12707
0.12569
0.11916
0.10954
0.09975
0.08790
0.07192
0.05869
0.04254
0.02691
0.00852
-0.01055
-0.02515
-0.04422
-0.05625
-0.07102
-0.08202
-0.08958
-0.10452
-0.11002
-0.11363
-0.11792
-0.11638
-0.11689
-0.11500
-0.11191
-0.10710
-0.09662
-0.08923
-0.07927
-0.06535
-0.05573
-0.04061
-0.02824
-0.01278
0.00646
0.01711
0.02948
0.04666
0.05921
0.07243
0.08738
0.09391
0.10250
0.10937
0.11556
0.11968
0.11831
0.11607
0.11040
0.10387
0.09666
0.08652
0.07381
0.06024
0.04580
0.03069
0.01780
0.00182
-0.00883
-0.02429
-0.03443
-0.04800
-0.05779
-0.06810
-0.07119
-0.07635
-0.08081
-0.07978
-0.08081
-0.07703
-0.07343
-0.06793
-0.06415
-0.05899
-0.04748
-0.03958
-0.03322
-0.02532
-0.01261
-0.00161
0.00595
0.01299
0.02622
0.03069
0.03704
0.04306
0.04838
0.05251
0.05525
0.05886
0.05766
0.05680
0.05216
0.05182
0.04735
0.04117
0.03532
0.02484
0.01677
0.00904
0.00028
-0.00574
-0.01604
-0.01896
-0.02601
-0.03065
-0.03546
-0.03529
-0.03752
-0.03477
-0.03357
-0.03048
-0.02652
-0.02051
-0.01708
-0.01141
-0.00539
0.00079
0.00835
0.01522
0.01952
0.02192
0.02399
0.02983
0.02914
0.03000
0.03223
0.03189
0.02948
0.02622
0.02484
0.02003
0.01608
0.01471
0.01076
0.00629
0.00131
0.00011
-0.00385
-0.00660
-0.01261
-0.01931
-0.01931
-0.01965
-0.02326
-0.02360
-0.02532
-0.02687
-0.02738
-0.02515
-0.02326
-0.02240
-0.01828
-0.01089
-0.01312
-0.00728
0.00182
0.00440
0.01093
0.01402
0.01900
0.02347
0.02708
0.03309
0.03378
0.03412
0.03601
0.03704
0.03601
0.03378
0.03343
0.02983
0.02983
0.02553
0.02089
0.02124
0.01608
0.01368
0.00887
0.00474
0.00114
-0.00144
-0.00711
-0.00848
-0.01123
-0.01587
-0.02085
-0.02017
-0.02326
-0.02326
-0.02378
-0.02515
-0.02721
-0.02481
-0.02618
-0.02240
-0.02103
-0.01879
-0.01896
-0.01141
-0.01106
-0.00367
-0.00230
0.00251
0.00784
0.01660
0.01746
0.02364
0.02467
0.02708
0.03155
0.03550
0.03447
0.03361
0.03206
0.03017
0.02862
0.02914
0.02622
0.02673
0.01625
0.01677
0.01677
0.01230
0.01059
0.00251
0.00182
0.00028
0.00114
-0.00677
-0.00934
-0.00952
-0.00797
-0.00934
-0.01347
-0.01398
-0.01312
-0.01604
-0.01244
-0.01656
-0.01467
-0.01570
-0.01673
-0.01501
-0.01261
-0.01089
-0.01055
-0.00367
-0.00419
-0.00436
-0.00110
-0.00075
0.00543
0.00595
0.01041
0.01213
0.01282
0.01110
0.01144
0.01230
0.01660
0.01471
0.01299
0.01849
0.01333
0.01883
0.02227
0.02261
0.02588
0.02777
0.03240
0.03258
0.03825
0.04288
0.04666
0.04993
0.05216
0.05457
0.05594
0.05680
0.05165
0.04512
0.03618
0.02330
0.00938
-0.00831
-0.02429
-0.04113
-0.06690
-0.09232
-0.11792
-0.14301
-0.16981
-0.18733
-0.20640
-0.22255
-0.23423
-0.24042
-0.24076
-0.23389
-0.22307
-0.19987
-0.17496
-0.14232
-0.10555
-0.06088
-0.01226
0.03361
0.08841
0.14442
0.19630
0.24561
0.28959
0.33443
0.37567
0.39920
0.42137
0.43494
0.44095
0.43906
0.42635
0.40522
0.37996
0.34594
0.30420
0.25540
0.20902
0.15353
0.10233
0.04409
-0.01106
-0.06913
-0.12067
-0.17118
-0.21860
-0.26018
-0.29969
-0.33302
-0.35948
-0.38405
-0.40140
-0.41291
-0.42219
-0.42511
-0.42648
-0.42219
-0.41377
-0.39865
-0.38319
-0.36755
-0.34642
-0.31893
-0.29230
-0.25777
-0.22530
-0.18596
-0.14421
-0.10040
-0.05195
-0.00402
0.05130
0.10903
0.16452
0.21967
0.27551
0.33237
0.38683
0.43494
0.47978
0.52050
0.55125
0.57513
0.59197
0.59609
0.59386
0.57822
0.55537
0.51861
0.47428
0.41862
0.35763
0.28822
0.21314
0.13566
0.05044
-0.03597
-0.12256
-0.20864
-0.28938
-0.36876
-0.44177
-0.50293
-0.55877
-0.60069
-0.63196
-0.64931
-0.65292
-0.64570
-0.62594
-0.59227
-0.54777
-0.49074
-0.42528
-0.35724
-0.27478
-0.18991
-0.10641
-0.01639
0.06745
0.14992
0.22671
0.29801
0.36295
0.41638
0.46157
0.49593
0.51981
0.53132
0.53149
0.52376
0.50400
0.47119
0.43700
0.39216
0.34045
0.28925
0.22929
0.16864
0.10594
0.04598
-0.01450
-0.07257
-0.12480
-0.17685
-0.22083
-0.25915
-0.29058
-0.31653
-0.33199
-0.34230
-0.34470
-0.33886
-0.32804
-0.30828
-0.28646
-0.25416
-0.22289
-0.18407
-0.14369
-0.10126
-0.06260
-0.02549
0.01488
0.05062
0.08635
0.11384
0.13686
0.15456
0.16933
0.18015
0.18462
0.18222
0.17672
0.16555
0.15541
0.14064
0.12054
0.10147
0.08274
0.05938
0.04306
0.02124
0.00114
-0.01982
-0.03340
-0.04714
-0.06037
-0.06947
-0.07497
-0.08047
-0.08030
-0.08133
-0.07927
-0.07222
-0.06552
-0.05590
-0.04319
-0.02807
-0.01845
-0.00299
0.01213
0.02880
0.04117
0.05594
0.06556
0.07793
0.08566
0.09133
0.09391
0.09855
0.09442
0.08927
0.08206
0.07175
0.05732
0.04185
0.02622
0.00835
-0.00831
-0.02790
-0.04542
-0.06346
-0.07772
-0.09250
-0.10590
-0.11775
-0.12308
-0.12961
-0.12875
-0.12961
-0.12720
-0.12050
-0.10899
-0.09696
-0.08339
-0.06655
-0.05178
-0.02704
-0.01295
0.01076
0.03326
0.05491
0.07432
0.09803
0.11796
0.13325
0.14940
0.16401
0.17534
0.18067
0.18428
0.18685
0.18084
0.17500
0.16452
0.14923
0.12879
0.10490
0.08085
0.05422
0.02639
-0.00316
-0.03546
-0.06312
-0.09318
-0.11706
-0.14266
-0.16379
-0.17943
-0.19128
-0.20537
-0.20829
-0.20829
-0.20400
-0.19609
-0.18475
-0.17101
-0.15263
-0.12858
-0.10899
-0.08081
-0.05745
-0.02773
0.00079
0.03034
0.05508
0.07931
0.10284
0.12569
0.14442
0.16366
0.17775
0.18874
0.19837
0.19991
0.20352
0.19716
0.18874
0.17964
0.16486
0.14648
0.12518
0.10302
0.07793
0.04890
0.02244
-0.00728
-0.03357
-0.05590
-0.08133
-0.10366
-0.12136
-0.13785
-0.14816
-0.15452
-0.16465
-0.16105
-0.16001
-0.15503
-0.14180
-0.13029
-0.11861
-0.09920
-0.08562
-0.06655
-0.04920
-0.03030
-0.01467
0.00681
0.01935
0.03343
0.05044
0.06230
0.07415
0.08274
0.09065
0.09683
0.10164
0.10387
0.10370
0.10284
0.10061
0.09511
0.08910
0.08068
0.07312
0.06505
0.05319
0.04237
0.03103
0.01814
0.00406
-0.00677
-0.02103
-0.03116
-0.03889
-0.04577
-0.05384
-0.05917
-0.05951
-0.06226
-0.06192
-0.05848
-0.05676
-0.05058
-0.04577
-0.03941
-0.03254
-0.02429
-0.01845
-0.01398
-0.00986
-0.00522
-0.00075
0.00285
0.00801
0.00835
0.00904
0.01282
0.01402
0.01007
0.01608
0.01316
0.01471
0.01351
0.01471
0.01299
0.01643
0.01729
0.01591
0.01488
0.01677
0.01213
0.01024
0.01127
0.00938
0.00440
0.00388
0.00406
0.00234
-0.00178
-0.00264
-0.00453
-0.00556
-0.00264
-0.00058
0.00354
0.00388
0.00681
0.01144
0.01540
0.01849
0.02210
0.02416
0.02742
0.03034
0.03000
0.03086
0.03000
0.02622
0.02244
0.01986
0.01694
0.01162
0.00560
-0.00230
-0.00574
-0.01364
-0.01811
-0.01862
-0.02549
-0.03013
-0.02910
-0.03185
-0.03202
-0.03185
-0.03202
-0.03271
-0.03254
-0.02859
-0.02567
-0.02721
-0.02274
-0.01896
-0.01501
-0.01106
-0.00436
-0.00196
0.00148
0.00577
0.01505
0.02021
0.02467
0.02708
0.03069
0.03756
0.04203
0.04495
0.04701
0.04907
0.04855
0.04769
0.04529
0.04409
0.04082
0.03498
0.02622
0.01986
0.01316
0.00835
0.00182
-0.00505
-0.01381
-0.02017
-0.02085
-0.02498
-0.03202
-0.03305
-0.03426
-0.03271
-0.03357
-0.03151
-0.02756
-0.02773
-0.02412
-0.02274
-0.01639
-0.01587
-0.01192
-0.00694
-0.00419
-0.00110
0.00337
0.00337
0.00595
0.00938
0.01402
0.01540
0.01832
0.02124
0.02570
0.02553
0.02450
0.02759
0.02794
0.02330
0.02416
0.02313
0.01952
0.01471
0.01230
0.01110
0.00766
0.00457
0.00114
-0.00642
-0.00488
-0.00763
-0.01261
-0.01141
-0.01536
-0.01467
-0.01192
-0.01261
-0.00763
-0.00539
-0.00505
-0.00144
0.00114
0.00303
0.00526
0.00904
0.01127
0.01230
0.01522
0.01402
0.01316
0.01127
0.01265
0.01127
0.00938
0.00801
0.01024
0.00612
0.00629
0.00234
0.00096
-0.00007
-0.00110
-0.00282
-0.00178
-0.00316
-0.00831
-0.00556
-0.00728
-0.00848
-0.01003
-0.01089
-0.00848
-0.01089
-0.00900
-0.00625
-0.00453
-0.00178
-0.00419
0.00096
0.00268
0.00646
0.01041
0.01557
0.01557
0.01677
0.02364
0.02313
0.02673
0.02588
0.02622
0.02759
0.02433
0.02416
0.02261
0.02141
0.01729
0.01522
0.01007
0.00921
0.00955
0.00182
-0.00161
-0.00247
-0.00264
-0.00453
-0.00952
-0.01020
-0.01158
-0.01209
-0.01209
-0.01467
-0.01484
-0.01690
-0.01759
-0.01845
-0.01759
-0.01896
-0.01742
-0.01742
-0.01845
-0.01776
-0.01226
-0.01364
-0.00797
-0.00539
-0.00299
0.00148
0.00595
0.01059
0.01059
0.01608
0.02021
0.02313
0.02416
0.02759
0.02605
0.02931
0.02862
0.02725
0.03086
0.02691
0.02605
0.02691
0.02433
0.02347
0.02089
0.02038
0.02467
0.02399
0.01952
0.01900
0.02055
0.02227
0.01832
0.02072
0.01814
0.01265
0.00904
0.00509
-0.00093
-0.01192
-0.01862
-0.03151
-0.04216
-0.05556
-0.06793
-0.08184
-0.09232
-0.10573
-0.11741
-0.12256
-0.12858
-0.13253
-0.13476
-0.13029
-0.11895
-0.10882
-0.09061
-0.06947
-0.04903
-0.02171
0.01093
0.04185
0.07793
0.11401
0.14854
0.18651
0.21864
0.24802
0.27482
0.29526
0.31158
0.32292
0.32739
0.32773
0.31468
0.29475
0.27293
0.24114
0.20249
0.15851
0.11075
0.05783
-0.00282
-0.06192
-0.12239
-0.18493
-0.24007
-0.29505
-0.34745
-0.38817
-0.42717
-0.45723
-0.47373
-0.48403
-0.48541
-0.47167
-0.45036
-0.42081
-0.37597
-0.32340
-0.26378
-0.20262
-0.13699
-0.06020
0.01368
0.08618
0.15576
0.21881
0.28135
0.33375
0.38030
0.41570
0.44215
0.45624
0.46019
0.45899
0.44336
0.42085
0.38872
0.34990
0.30626
0.25506
0.20507
0.14923
0.09597
0.04048
-0.01295
-0.06363
-0.11071
-0.14936
-0.18682
-0.21997
-0.24557
-0.25829
-0.26808
-0.27461
-0.27323
-0.26378
-0.25038
-0.23148
-0.20984
-0.17909
-0.15606
-0.12273
-0.09284
-0.05951
-0.03219
-0.00161
0.02296
0.04185
0.06195
0.08137
0.09116
0.09769
0.09924
0.09872
0.09700
0.08635
0.07535
0.06419
0.05062
0.03550
0.02124
0.00560
-0.00505
-0.01587
-0.02532
-0.03048
-0.03615
-0.03649
-0.03408
-0.02429
-0.01587
-0.00333
0.00904
0.02656
0.04134
0.05800
0.07501
0.09168
0.10731
0.12020
0.12758
0.13411
0.13531
0.13514
0.13531
0.12449
0.11264
0.09735
0.08274
0.05972
0.03945
0.01351
-0.00934
-0.03460
-0.06209
-0.09026
-0.11363
-0.13339
-0.15108
-0.16517
-0.18183
-0.18991
-0.19523
-0.19403
-0.18871
-0.18424
-0.17634
-0.16362
-0.14438
-0.12205
-0.09902
-0.07755
-0.04869
-0.02876
-0.00075
0.02519
0.05079
0.07570
0.09202
0.11384
0.13033
0.14751
0.15730
0.16366
0.16864
0.17088
0.17019
0.16435
0.15937
0.15215
0.13600
0.12501
0.11143
0.09563
0.07776
0.06024
0.04460
0.02244
0.00955
-0.00763
-0.02171
-0.03941
-0.05281
-0.06621
-0.07325
-0.08751
-0.09576
-0.10212
-0.10504
-0.10762
-0.11105
-0.10658
-0.10573
-0.09920
-0.09576
-0.08992
-0.08219
-0.07188
-0.06535
-0.05058
-0.04130
-0.02652
-0.01656
-0.00127
0.01007
0.02072
0.03189
0.03996
0.05165
0.06075
0.06762
0.07450
0.07828
0.08017
0.08772
0.08687
0.08790
0.08790
0.08480
0.08223
0.07845
0.07106
0.06694
0.06058
0.05491
0.04460
0.03584
0.02656
0.01540
0.00766
-0.00642
-0.01433
-0.02670
-0.03374
-0.04370
-0.05075
-0.06037
-0.06535
-0.07136
-0.07257
-0.07824
-0.07875
-0.07738
-0.07841
-0.07446
-0.07154
-0.06329
-0.05917
-0.04748
-0.04010
-0.03271
-0.02309
-0.01089
-0.00161
0.00938
0.01746
0.02467
0.03326
0.03996
0.04495
0.04924
0.05646
0.06127
0.05989
0.06127
0.06419
0.06333
0.06024
0.05886
0.05697
0.05062
0.04787
0.04168
0.03532
0.03069
0.02399
0.01402
0.01110
0.00612
-0.00247
-0.00780
-0.01158
-0.01948
-0.02481
-0.02687
-0.02996
-0.03305
-0.03357
-0.03735
-0.03357
-0.03546
-0.03460
-0.03013
-0.02687
-0.02687
-0.02446
-0.01793
-0.01553
-0.01415
-0.00848
-0.00711
-0.00196
-0.00299
0.00028
0.00217
0.00440
0.00646
0.00766
0.00492
0.00818
0.00955
0.01282
0.01316
0.00801
0.01110
0.01230
0.01351
0.01574
0.01540
0.01660
0.01900
0.01866
0.02072
0.02107
0.02175
0.02399
0.02313
0.02158
0.01952
0.01986
0.02003
0.01711
0.01814
0.01402
0.01248
0.01299
0.01144
0.00973
0.00595
0.00457
0.00371
0.00217
-0.00178
-0.00419
-0.00952
-0.00763
-0.01192
-0.01192
-0.01175
-0.01433
-0.01793
-0.01433
-0.01948
-0.02085
-0.02034
-0.01896
-0.01793
-0.01811
-0.02017
-0.01381
-0.01398
-0.01072
-0.01158
-0.00986
-0.00745
-0.00350
-0.00402
-0.00127
0.00200
0.00577
0.00801
0.00766
0.01093
0.01419
0.01918
0.01591
0.01814
0.02021
0.02192
0.02399
0.02467
0.02364
0.02484
0.02656
0.02330
0.02433
0.02553
0.02364
0.02107
0.01918
0.01763
0.01333
0.01144
0.00560
0.00388
-0.00007
-0.00522
-0.01158
-0.01106
-0.01192
-0.01828
-0.02206
-0.02463
-0.02257
-0.02876
-0.02635
-0.02738
-0.02910
-0.02773
-0.02463
-0.02498
-0.02137
-0.01811
-0.01673
-0.01484
-0.01192
-0.00866
-0.00471
0.00148
0.00371
0.00612
0.01333
0.01454
0.01729
0.02124
0.02553
0.02914
0.03258
0.03069
0.02897
0.03275
0.03086
0.03240
0.02656
0.02759
0.02605
0.01986
0.01557
0.01471
0.01059
0.00904
0.00217
-0.00333
-0.00453
-0.00625
-0.01553
-0.01415
-0.01708
-0.01673
-0.01948
-0.01776
-0.01931
-0.01742
-0.01467
-0.01295
-0.01347
-0.01175
-0.01123
-0.00660
0.00028
-0.00007
-0.00178
0.00011
0.00457
0.00543
0.00681
0.00990
0.00921
0.01213
0.01162
0.01282
0.01230
0.01351
0.01230
0.01110
0.01179
0.01127
0.01248
0.00852
0.00921
0.01007
0.00732
0.00715
0.00457
0.00543
0.00388
0.00045
0.00079
-0.00041
-0.00144
-0.00127
0.00200
-0.00196
-0.00196
-0.00196
-0.00178
0.00028
0.00028
0.00182
0.00028
0.00217
0.00526
0.00646
0.00492
0.00285
0.00509
0.00852
0.00801
0.00646
0.00612
0.00492
0.00440
0.00646
0.00388
0.00509
0.00303
0.00320
0.00062
-0.00024
-0.00350
0.00062
-0.00075
-0.00196
0.00028
-0.00144
-0.00178
-0.00110
0.00200
-0.00024
0.00096
-0.00075
-0.00093
0.00182
0.00354
-0.00058
0.00354
0.00474
0.00474
0.00285
0.00560
0.00354
0.00474
0.00440
0.00268
0.00320
0.00354
0.00595
0.00629
0.00079
0.00303
0.00285
0.00371
0.00560
0.00509
0.00406
0.00492
0.00406
0.00337
0.00715
0.00732
0.00801
0.00646
0.00904
0.00955
0.00629
0.00766
0.01144
0.00870
0.00852
0.00938
0.00732
0.00835
0.00766
0.00681
0.00440
0.00062
0.00217
0.00079
0.00079
0.00114
-0.00282
-0.00350
-0.00385
-0.00213
-0.00367
-0.00608
-0.00642
-0.00608
-0.00264
-0.00471
-0.00350
-0.00556
-0.00161
-0.00213
-0.00007
-0.00247
-0.00058
0.00337
0.00131
0.00079
0.00560
0.00492
0.00715
0.00406
0.00474
0.00698
0.00732
0.00921
0.00698
0.00990
0.01076
0.00990
0.01265
0.01248
0.01454
0.01522
0.01488
0.01436
0.01368
0.00887
0.01110
0.00818
0.00371
0.00062
-0.00127
-0.00556
-0.01123
-0.01587
-0.02206
-0.03151
-0.03391
-0.03718
-0.03821
-0.04233
-0.04250
-0.04491
-0.04164
-0.03907
-0.03322
-0.02498
-0.01708
-0.00831
0.00681
0.01574
0.02862
0.04426
0.05319
0.06780
0.07845
0.08910
0.09872
0.10250
0.10250
0.10645
0.10181
0.09597
0.08635
0.07793
0.06195
0.04563
0.02725
0.00921
-0.01226
-0.02841
-0.04955
-0.06965
-0.08373
-0.09610
-0.10693
-0.11844
-0.12634
-0.12961
-0.12669
-0.12325
-0.11895
-0.10555
-0.09473
-0.08030
-0.06432
-0.04920
-0.02859
-0.01433
0.00509
0.01849
0.03704
0.04598
0.05817
0.06625
0.07347
0.07810
0.08017
0.07896
0.07467
0.07175
0.06333
0.05749
0.05096
0.04580
0.03928
0.03309
0.02622
0.02244
0.01969
0.01505
0.01643
0.01797
0.01849
0.02210
0.02588
0.03000
0.03361
0.03859
0.04271
0.04391
0.04976
0.04598
0.04288
0.04254
0.03739
0.02966
0.01918
0.01419
-0.00144
-0.01347
-0.02378
-0.03975
-0.05453
-0.06827
-0.08047
-0.09301
-0.10384
-0.11054
-0.12256
-0.12394
-0.12703
-0.12359
-0.12170
-0.11122
-0.10195
-0.09628
-0.07618
-0.05968
-0.04216
-0.01862
-0.00007
0.02003
0.04306
0.06110
0.08171
0.09717
0.10972
0.12277
0.13583
0.14201
0.14700
0.14803
0.14408
0.14081
0.13136
0.12174
0.10937
0.09425
0.07501
0.06178
0.04168
0.02072
0.00440
-0.01381
-0.03168
-0.04851
-0.06192
-0.07669
-0.08391
-0.09404
-0.10040
-0.10212
-0.10469
-0.10487
-0.10418
-0.09920
-0.09043
-0.08270
-0.07394
-0.06277
-0.05504
-0.04130
-0.02944
-0.01656
-0.00333
0.00818
0.01935
0.02845
0.03704
0.04649
0.04976
0.05508
0.05835
0.06058
0.06453
0.06110
0.05732
0.05474
0.05027
0.04666
0.04031
0.03309
0.02880
0.02192
0.01522
0.00887
0.00681
0.00045
-0.00574
-0.01037
-0.01330
-0.01536
-0.01690
-0.01811
-0.01828
-0.01742
-0.01690
-0.01484
-0.01467
-0.01433
-0.00900
-0.00814
-0.00419
-0.00402
0.00148
0.00079
0.00595
0.00492
0.00835
0.00955
0.00938
0.01093
0.01110
0.01110
0.01333
0.01522
0.01282
0.01024
0.00835
0.01007
0.00096
0.00182
0.00200
0.00079
-0.00282
-0.00694
-0.00625
-0.00866
-0.00848
-0.00900
-0.00952
-0.00883
-0.01312
-0.00917
-0.00728
-0.00488
-0.00247
-0.00522
-0.00213
0.00028
0.00303
0.00474
0.00715
0.00921
0.00852
0.01127
0.01316
0.01333
0.01316
0.01230
0.01299
0.01385
0.01333
0.01385
0.01196
0.01419
0.01024
0.00921
0.00921
0.00801
0.00955
0.00457
0.00406
0.00217
0.00268
0.00096
-0.00041
-0.00213
-0.00522
-0.00522
-0.00488
-0.00694
-0.00677
-0.00969
-0.00866
-0.00900
-0.00574
-0.00419
-0.00350
-0.00402
-0.00247
0.00096
0.00131
0.00440
0.00388
0.00577
0.00749
0.00973
0.00681
0.00732
0.01110
0.00870
0.00973
0.00646
0.00887
0.00698
0.00955
0.00629
0.00457
0.00406
0.00646
0.00354
0.00698
0.00406
0.00371
0.00371
0.00543
0.00646
0.00681
0.00595
0.00663
0.00629
0.00663
0.00560
0.00474
0.00371
0.00406
0.00096
0.00251
0.00165
0.00165
0.00148
0.00200
0.00234
0.00268
-0.00007
0.00217
0.00474
0.00320
0.00268
0.00045
0.00388
0.00028
0.00200
0.00371
0.00148
0.00303
-0.00024
-0.00024
-0.00024
-0.00024
0.00062
-0.00367
-0.00385
-0.00316
-0.00385
-0.00539
-0.00367
-0.00402
-0.00367
-0.00161
0.00251
-0.00144
0.00457
0.00612
0.00457
0.00818
0.00973
0.01007
0.01162
0.01351
0.01419
0.01213
0.01059
0.01230
0.00870
0.00938
0.00681
0.00577
0.00543
0.00337
-0.00213
-0.00196
-0.00196
-0.00316
-0.00797
-0.00608
-0.00763
-0.00848
-0.00711
-0.00402
-0.00780
-0.00780
-0.00316
-0.00213
-0.00024
0.00131
0.00045
0.00406
0.00406
0.01213
0.01333
0.01385
0.01385
0.01677
0.01643
0.01746
0.01883
0.02107
0.01694
0.01557
0.01505
0.01660
0.01351
0.00955
0.00973
0.00474
-0.00024
-0.00196
-0.00264
-0.00522
-0.01003
-0.01192
-0.01175
-0.01312
-0.01312
-0.01433
-0.01587
-0.01278
-0.01244
-0.01278
-0.00883
-0.00745
-0.00745
-0.00419
-0.00419
0.00131
0.00354
0.00354
0.00904
0.00852
0.00921
0.01007
0.01574
0.01402
0.01540
0.01505
0.01488
0.01540
0.01230
0.01694
0.01213
0.01196
0.00835
0.01230
0.01007
0.00749
0.00801
0.00423
0.00234
0.00251
-0.00161
-0.00316
-0.00282
-0.00642
-0.00848
-0.00986
-0.00934
-0.01055
-0.00952
-0.01106
-0.00934
-0.00883
-0.00952
-0.00471
-0.00453
-0.00264
-0.00041
-0.00144
0.00217
0.00612
0.00440
0.00801
0.00801
0.00766
0.00818
0.00681
0.01248
0.00474
0.00577
0.00732
0.01093
0.00818
0.00371
0.00492
0.00835
0.00646
0.00698
0.00371
0.00320
0.00492
0.00320
0.00234
0.00268
0.00234
0.00251
0.00440
0.00457
0.00148
0.00200
0.00371
0.00337
0.00217
0.00612
0.00062
0.00303
0.00234
0.00388
0.00337
0.00388
0.00406
0.00011
0.00234
0.00354
0.00011
0.00096
-0.00093
-0.00041
-0.00024
-0.00213
-0.00007
0.00011
-0.00041
-0.00264
-0.00041
0.00268
0.00114
0.00165
0.00217
0.00337
0.00543
0.00560
0.00870
0.00646
0.00646
0.01059
0.00646
0.00835
0.00921
0.00715
0.00612
0.00509
0.00337
0.00388
0.00337
0.00251
0.00217
0.00148
0.00165
-0.00075
0.00182
-0.00178
-0.00075
-0.00196
0.00045
0.00337
0.00251
0.00148
0.00114
0.00234
0.00474
-0.00093
0.00423
0.00303
0.00251
0.00371
0.00371
0.00217
0.00131
0.00148
0.00182
-0.00075
-0.00075
-0.00299
-0.00093
-0.00110
0.00165
-0.00127
0.00114
0.00028
-0.00282
0.00062
0.00131
0.00303
0.00457
0.00388
0.00595
0.00543
0.00663
0.00973
0.00852
0.00921
0.00955
0.01436
0.00715
0.00629
0.01179
0.01144
0.00887
0.01076
0.00285
0.00423
0.00406
0.00560
0.00234
-0.00144
-0.00093
-0.00230
-0.00264
-0.00625
-0.00247
-0.00934
-0.00556
-0.00591
-0.00539
-0.00522
-0.00333
-0.00419
-0.00367
-0.00333
0.00011
-0.00161
0.00131
0.00303
0.00492
0.00457
0.00646
0.00595
0.00818
0.00749
0.00955
0.00801
0.00938
0.00904
0.01024
0.00749
0.00715
0.00766
0.00698
0.00818
0.00663
0.00474
0.00492
0.00337
0.00182
0.00148
0.00337
0.00011
0.00114
-0.00024
-0.00247
-0.00213
-0.00333
-0.00282
-0.00367
-0.00556
-0.00556
-0.00728
-0.00591
-0.00471
-0.00556
-0.00694
-0.00591
-0.00316
-0.00093
-0.00007
0.00406
0.00663
0.01041
0.01333
0.01677
0.01660
0.02278
0.02399
0.03017
0.03258
0.03069
0.03481
0.03567
0.03412
0.03258
0.03103
0.02536
0.01969
0.01471
0.01144
0.00251
-0.00453
-0.01467
-0.02206
-0.02721
-0.03237
-0.03872
-0.04886
-0.05023
-0.05367
-0.05522
-0.05350
-0.05401
-0.05539
-0.05058
-0.04302
-0.03889
-0.03082
-0.02721
-0.01587
-0.00247
0.00646
0.01471
0.02107
0.03206
0.04340
0.05216
0.05869
0.06556
0.07089
0.07278
0.07776
0.07982
0.08068
0.07501
0.07278
0.07243
0.06608
0.05783
0.05251
0.04203
0.03120
0.02124
0.01196
-0.00041
-0.00831
-0.02017
-0.02962
-0.03769
-0.04577
-0.05625
-0.05711
-0.06123
-0.06174
-0.06449
-0.06690
-0.06381
-0.06037
-0.05642
-0.05315
-0.04611
-0.03958
-0.03305
-0.02481
-0.01776
-0.00350
0.00406
0.01557
0.02966
0.04048
0.05216
0.06745
0.08223
0.09717
0.11178
0.12243
0.13068
0.13360
0.13583
0.12672
0.11178
0.08601
0.04941
0.00732
-0.04834
-0.11672
-0.19249
-0.27478
-0.36532
-0.44864
-0.53454
-0.60722
-0.66563
-0.70429
-0.71923
-0.69862
-0.64862
-0.55860
-0.43112
-0.26207
-0.05968
0.17620
0.43717
0.71309
0.99536
1.27591
1.53791
1.77156
1.96123
2.09610
2.17375
2.17255
2.09524
1.93924
1.69769
1.38088
0.99089
0.54197
0.04014
-0.49245
-1.04188
-1.58804
-2.11461
-2.62229
-3.06537
-3.41654
-3.67527
-3.84639
-3.91442
-3.87078
-3.70035
-3.41344
-3.01142
-2.51474
-1.92787
-1.27278
-0.56616
0.16486
0.89073
1.58464
2.24814
2.85392
3.37723
3.79059
4.10379
4.32283
4.43313
4.42815
4.30961
4.08351
3.76825
3.36521
2.87248
2.31120
1.70971
1.10136
0.47703
-0.15881
-0.78039
-1.36212
-1.89385
-2.36184
-2.77090
-3.09733
-3.35967
-3.54436
-3.64641
-3.63902
-3.55655
-3.39936
-3.17910
-2.88498
-2.52917
-2.12166
-1.68476
-1.22107
-0.73521
-0.25227
0.21366
0.65794
1.06631
1.43311
1.75043
2.01037
2.20193
2.33387
2.40534
2.41153
2.35999
2.25502
2.09971
1.90574
1.67518
1.42109
1.14758
0.86341
0.57942
0.29681
0.02794
-0.22255
-0.45122
-0.64656
-0.81647
-0.95443
-1.05442
-1.12022
-1.15252
-1.15561
-1.12503
-1.06559
-0.97384
-0.86080
-0.73624
-0.59038
-0.43988
-0.28079
-0.11861
0.03532
0.18445
0.31794
0.43425
0.53287
0.60691
0.65485
0.67151
0.66447
0.62667
0.56705
0.47686
0.37257
0.25180
0.11710
-0.02189
-0.16568
-0.30261
-0.43215
-0.55293
-0.64759
-0.72593
-0.77885
-0.80891
-0.80874
-0.78039
-0.72731
-0.65086
-0.54777
-0.42871
-0.29660
-0.15469
-0.00196
0.14459
0.28839
0.42205
0.54764
0.65175
0.74401
0.81445
0.86032
0.88523
0.89159
0.87681
0.84160
0.78954
0.71979
0.64110
0.54730
0.45057
0.33993
0.23032
0.11727
0.00251
-0.10658
-0.21688
-0.31756
-0.41445
-0.50259
-0.57939
-0.64433
-0.69449
-0.73641
-0.76253
-0.77129
-0.76287
-0.74397
-0.70497
-0.65498
-0.59038
-0.51273
-0.42751
-0.33302
-0.23389
-0.13321
-0.03151
0.06608
0.16280
0.25145
0.32653
0.39199
0.44834
0.49438
0.52462
0.54713
0.55125
0.54575
0.53321
0.50813
0.47548
0.43855
0.39491
0.35179
0.30471
0.25266
0.20249
0.15009
0.10216
0.05543
0.00818
-0.03803
-0.07892
-0.12445
-0.16122
-0.19884
-0.23011
-0.25760
-0.28251
-0.29969
-0.31395
-0.32099
-0.32306
-0.31532
-0.30433
-0.28732
-0.26567
-0.23904
-0.20417
-0.17015
-0.13665
-0.09817
-0.05831
-0.02481
0.01196
0.04031
0.06797
0.09099
0.11212
0.12655
0.13772
0.14270
0.14820
0.14906
0.14597
0.14390
0.14184
0.13566
0.13514
0.12758
0.11985
0.11642
0.10920
0.10405
0.09580
0.09082
0.07965
0.06831
0.05989
0.04220
0.02691
0.01265
-0.00728
-0.02652
-0.04456
-0.06071
-0.07618
-0.08872
-0.10212
-0.10916
-0.11535
-0.11552
-0.11363
-0.11036
-0.09610
-0.08820
-0.07257
-0.05556
-0.04027
-0.02257
-0.00677
0.00801
0.02244
0.03343
0.04203
0.04804
0.05457
0.05525
0.05663
0.05594
0.05439
0.04701
0.04615
0.04117
0.03309
0.03361
0.02777
0.02742
0.02450
0.01900
0.01694
0.01024
0.00955
0.00131
-0.00299
-0.00831
-0.01433
-0.01896
-0.02824
-0.03786
-0.04130
-0.05023
-0.05487
-0.05711
-0.05607
-0.05436
-0.05384
-0.05058
-0.04044
-0.03460
-0.02017
-0.01226
0.00406
0.01454
0.02811
0.04185
0.05268
0.05989
0.07106
0.07604
0.07742
0.08102
0.07862
0.07639
0.07209
0.06831
0.06178
0.05062
0.04598
0.03515
0.02553
0.01763
0.00835
-0.00350
-0.00488
-0.01604
-0.02223
-0.02910
-0.03546
-0.04096
-0.04886
-0.05436
-0.06106
-0.06535
-0.06673
-0.07429
-0.07377
-0.07824
-0.07858
-0.07807
-0.07051
-0.06638
-0.05865
-0.05281
-0.04405
-0.02481
-0.01639
-0.00471
0.00870
0.02141
0.03550
0.04976
0.05697
0.06573
0.07295
0.08068
0.08532
0.08498
0.08223
0.08154
0.08085
0.07621
0.06934
0.06230
0.05749
0.05165
0.04220
0.03412
0.02725
0.01814
0.01213
0.00320
-0.00213
-0.00831
-0.01553
-0.02326
-0.03030
-0.03529
-0.04370
-0.05058
-0.05367
-0.06071
-0.06570
-0.06862
-0.06690
-0.06621
-0.06673
-0.06587
-0.06260
-0.05590
-0.04474
-0.04130
-0.02841
-0.02206
-0.01209
-0.00075
0.00887
0.01746
0.02777
0.03670
0.04254
0.04684
0.05165
0.05044
0.05646
0.05336
0.05439
0.05474
0.05216
0.04598
0.04512
0.03996
0.03550
0.03258
0.02811
0.02673
0.02381
0.01694
0.01316
0.00921
0.00921
0.00285
0.00303
-0.00247
-0.01055
-0.01106
-0.01553
-0.02171
-0.02635
-0.03219
-0.03546
-0.03615
-0.03511
-0.03975
-0.03769
-0.03649
-0.03408
-0.03082
-0.02910
-0.01965
-0.01845
-0.00917
-0.00522
0.00028
0.00801
0.01196
0.01591
0.02072
0.02296
0.02656
0.02605
0.02811
0.02708
0.02605
0.02570
0.02313
0.02210
0.01900
0.01660
0.01660
0.01351
0.01230
0.01024
0.01007
0.01110
0.00612
0.00577
0.00182
0.00165
0.00062
-0.00402
-0.00471
-0.01055
-0.01226
-0.01295
-0.01536
-0.01587
-0.01845
-0.01467
-0.01312
-0.01467
-0.01278
-0.00814
-0.00848
-0.00093
0.00285
0.00698
0.01179
0.01574
0.02192
0.02261
0.02210
0.02433
0.02536
0.02519
0.02210
0.02003
0.01832
0.01918
0.01179
0.00766
0.00663
0.00492
-0.00230
-0.00471
-0.00471
-0.00677
-0.00711
-0.00642
-0.00780
-0.01141
-0.01037
-0.00952
-0.01141
-0.00917
-0.00763
-0.00900
-0.01123
-0.01055
-0.01089
-0.01295
-0.01106
-0.01123
-0.01261
-0.00866
-0.00797
-0.00608
-0.00505
-0.00110
0.00131
0.00337
0.00852
0.01213
0.01986
0.02210
0.02639
0.03086
0.03137
0.03447
0.03636
0.03412
0.03876
0.03498
0.03223
0.03103
0.02914
0.02192
0.01883
0.01368
0.00766
0.00114
-0.00247
-0.00642
-0.00831
-0.01037
-0.01690
-0.02206
-0.02103
-0.02292
-0.02429
-0.02463
-0.02463
-0.02738
-0.02326
-0.02549
-0.02240
-0.02189
-0.02343
-0.02034
-0.01828
-0.01673
-0.00917
-0.01089
-0.00591
0.00028
0.00148
0.00835
0.01162
0.01162
0.02141
0.02003
0.02330
0.02708
0.02828
0.03017
0.03017
0.02914
0.02811
0.02296
0.02278
0.02330
0.02330
0.01883
0.01351
0.01522
0.01179
0.01316
0.01213
0.01660
0.01505
0.01832
0.02244
0.02845
0.03309
0.04065
0.04460
0.05508
0.06161
0.06659
0.07587
0.07415
0.07759
0.07793
0.07226
0.06264
0.04701
0.02845
-0.00178
-0.03237
-0.07222
-0.11810
-0.16637
-0.21516
-0.27186
-0.32426
-0.38147
-0.42751
-0.46720
-0.49898
-0.51754
-0.52355
-0.50860
-0.47476
-0.41858
-0.34573
-0.25811
-0.14696
-0.01931
0.12363
0.27568
0.42841
0.58819
0.73834
0.87802
1.00378
1.10703
1.18417
1.23554
1.25272
1.23142
1.18245
1.09672
0.97887
0.83146
0.65381
0.45762
0.24372
0.01986
-0.20915
-0.43095
-0.65309
-0.86149
-1.05425
-1.21849
-1.34717
-1.44476
-1.51468
-1.54904
-1.54474
-1.50214
-1.42311
-1.31075
-1.17537
-1.01302
-0.83245
-0.63522
-0.43249
-0.22513
-0.02274
0.16933
0.35041
0.50727
0.64746
0.76033
0.84503
0.90963
0.95035
0.96117
0.95086
0.92320
0.88094
0.82699
0.76428
0.69728
0.63320
0.56809
0.50486
0.45366
0.40865
0.37360
0.34268
0.32413
0.30523
0.29097
0.28186
0.26245
0.24458
0.22053
0.18651
0.14425
0.08807
0.02433
-0.05453
-0.14043
-0.23973
-0.34127
-0.44607
-0.54984
-0.64862
-0.74311
-0.82747
-0.89602
-0.94756
-0.97797
-0.99326
-0.98432
-0.95271
-0.89791
-0.82472
-0.73418
-0.62440
-0.50345
-0.37202
-0.23819
-0.09817
0.03962
0.17449
0.30385
0.41656
0.52410
0.61430
0.68972
0.74985
0.79452
0.82441
0.83404
0.83043
0.81531
0.78421
0.74762
0.69625
0.63904
0.57324
0.50555
0.43116
0.35024
0.26829
0.19063
0.11264
0.03292
-0.04285
-0.11586
-0.19094
-0.25416
-0.31618
-0.37133
-0.41428
-0.45826
-0.48850
-0.51651
-0.52991
-0.53489
-0.53489
-0.52458
-0.50414
-0.47957
-0.44246
-0.39951
-0.35501
-0.30777
-0.25468
-0.19798
-0.14232
-0.09078
-0.03803
0.01196
0.05749
0.10508
0.14511
0.17947
0.20816
0.23599
0.25764
0.27121
0.28410
0.29337
0.29784
0.29853
0.29698
0.29183
0.28822
0.27894
0.26279
0.24767
0.23616
0.21623
0.19837
0.17345
0.15026
0.12672
0.09528
0.06316
0.03498
0.00440
-0.03013
-0.06277
-0.09628
-0.12754
-0.15469
-0.18407
-0.20554
-0.22427
-0.23664
-0.24609
-0.25176
-0.24918
-0.24334
-0.23148
-0.21551
-0.19283
-0.16843
-0.14283
-0.11088
-0.08391
-0.05401
-0.02240
0.01093
0.03412
0.05938
0.07690
0.09460
0.11057
0.11693
0.12191
0.12449
0.12432
0.11899
0.11315
0.10697
0.09511
0.08429
0.07003
0.06024
0.04838
0.03807
0.03000
0.02244
0.01574
0.01127
0.00217
0.00303
-0.00299
-0.00247
-0.00402
-0.00419
-0.00316
0.00079
0.00131
0.00629
0.00749
0.01007
0.01248
0.01643
0.02210
0.02158
0.02278
0.02622
0.02433
0.02502
0.02484
0.02055
0.01900
0.00784
0.00285
-0.00385
-0.00883
-0.01948
-0.02893
-0.04096
-0.04783
-0.05625
-0.06260
-0.07274
-0.08099
-0.08253
-0.08459
-0.08373
-0.08219
-0.08081
-0.07600
-0.07016
-0.05625
-0.04456
-0.03357
-0.02223
-0.00797
0.00595
0.01849
0.03395
0.04821
0.05921
0.06969
0.08034
0.08893
0.09511
0.10147
0.10250
0.10302
0.10422
0.10679
0.10044
0.09735
0.09494
0.08618
0.07845
0.06934
0.05921
0.04855
0.03567
0.02261
0.00835
-0.00642
-0.01965
-0.03322
-0.04748
-0.06054
-0.07635
-0.08167
-0.09026
-0.10040
-0.10298
-0.10779
-0.10916
-0.11122
-0.11088
-0.10418
-0.09610
-0.08889
-0.07927
-0.06604
-0.05281
-0.04130
-0.02343
-0.01020
0.00595
0.01952
0.03343
0.04649
0.05732
0.07106
0.07965
0.08583
0.09425
0.09906
0.10233
0.10525
0.10164
0.10216
0.09889
0.09013
0.08377
0.07450
0.06367
0.05577
0.04306
0.02931
0.01540
0.00182
-0.01089
-0.02687
-0.03838
-0.04886
-0.05745
-0.06810
-0.07411
-0.08270
-0.08373
-0.08666
-0.08854
-0.08356
-0.08133
-0.07549
-0.07016
-0.05968
-0.05092
-0.04181
-0.03219
-0.02189
-0.01037
0.00148
0.01127
0.01986
0.02777
0.03567
0.04220
0.05079
0.05457
0.05835
0.06453
0.06848
0.06711
0.06728
0.06883
0.06642
0.06264
0.05749
0.05439
0.04907
0.03876
0.03137
0.02381
0.01402
0.00732
-0.00367
-0.01347
-0.02395
-0.03116
-0.03718
-0.04302
-0.05126
-0.05040
-0.05556
-0.05298
-0.05487
-0.05418
-0.05315
-0.04474
-0.03803
-0.03271
-0.02704
-0.01656
-0.00934
-0.00522
0.00251
0.00921
0.01608
0.01763
0.02227
0.03000
0.02966
0.03687
0.03017
0.03069
0.03051
0.02931
0.02794
0.02673
0.02021
0.02313
0.01832
0.01522
0.00835
0.00938
0.00577
0.00474
0.00062
-0.00213
-0.00282
-0.00264
-0.00556
-0.00556
-0.00471
-0.00677
-0.00969
-0.00642
-0.00608
-0.00642
-0.00917
-0.00488
-0.00642
-0.00522
0.00011
-0.00264
0.00114
0.00131
0.00182
0.00251
0.00543
0.00595
0.00303
0.00474
0.00285
0.00303
-0.00196
-0.00058
-0.00058
-0.00264
-0.00453
-0.00848
-0.00350
-0.00367
-0.00024
-0.00831
-0.00367
-0.00024
0.00182
0.00165
0.00492
0.00921
0.00887
0.01402
0.01694
0.01557
0.01694
0.02003
0.02038
0.01900
0.01625
0.01333
0.01677
0.01127
0.01007
0.00715
0.00440
0.00285
0.00165
-0.00556
-0.00763
-0.00814
-0.01158
-0.01347
-0.01141
-0.01209
-0.01484
-0.01536
-0.01364
-0.00969
-0.00969
-0.01055
-0.01072
-0.00694
-0.00230
0.00440
0.00492
0.00509
0.00784
0.01265
0.01832
0.01986
0.02021
0.02381
0.02450
0.02673
0.02244
0.02210
0.02296
0.02038
0.01832
0.01419
0.01041
0.00835
0.00182
-0.00419
-0.00917
-0.01089
-0.01656
-0.01725
-0.02068
-0.02463
-0.02567
-0.02463
-0.02601
-0.02532
-0.02017
-0.01879
-0.01604
-0.01192
-0.00711
-0.00093
0.00371
0.00835
0.01471
0.01935
0.02330
0.02450
0.02725
0.03172
0.03395
0.03378
0.03258
0.03429
0.03309
0.02931
0.02983
0.02639
0.02416
0.01866
0.01299
0.00698
0.00251
-0.00299
-0.00677
-0.01175
-0.01519
-0.02034
-0.02446
-0.02618
-0.02927
-0.03408
-0.03168
-0.03219
-0.03185
-0.03168
-0.03013
-0.02601
-0.02103
-0.01759
-0.01398
-0.00969
-0.00127
0.00354
0.00801
0.01505
0.01935
0.02742
0.02897
0.03395
0.03515
0.03876
0.03979
0.04031
0.03962
0.03962
0.03653
0.03481
0.02828
0.02399
0.02158
0.01660
0.01041
0.00681
0.00045
-0.00282
-0.00763
-0.00848
-0.01415
-0.01433
-0.01604
-0.01776
-0.01690
-0.01690
-0.01708
-0.01587
-0.01037
-0.00505
-0.00024
0.00457
0.01368
0.01969
0.02622
0.03034
0.03721
0.04288
0.04495
0.04374
0.04409
0.03825
0.03309
0.02158
0.00921
-0.00608
-0.02790
-0.05006
-0.07463
-0.10212
-0.12840
-0.15950
-0.18768
-0.21448
-0.23870
-0.25932
-0.27134
-0.28217
-0.28062
-0.27100
-0.25313
-0.22032
-0.18338
-0.13081
-0.07222
-0.00230
0.07381
0.15662
0.24544
0.33667
0.42480
0.51397
0.59643
0.66773
0.72803
0.77408
0.80242
0.81754
0.80878
0.77992
0.73044
0.66137
0.56877
0.45762
0.32928
0.18153
0.02622
-0.14094
-0.31498
-0.49503
-0.66941
-0.83829
-0.99326
-1.13534
-1.25560
-1.35404
-1.42500
-1.45867
-1.45953
-1.42947
-1.36023
-1.25577
-1.11335
-0.94344
-0.73882
-0.51273
-0.26361
-0.00642
0.25918
0.52221
0.77820
1.01718
1.23365
1.42572
1.58000
1.69528
1.76813
1.80008
1.78548
1.73033
1.62673
1.48878
1.31354
1.10686
0.87424
0.62426
0.36192
0.10130
-0.16311
-0.41119
-0.64897
-0.85564
-1.03982
-1.19736
-1.32570
-1.40902
-1.45060
-1.45575
-1.43136
-1.37552
-1.28292
-1.16351
-1.01714
-0.85564
-0.67474
-0.48988
-0.29677
-0.10865
0.07604
0.24510
0.40401
0.53579
0.65038
0.73954
0.80414
0.84228
0.85809
0.85362
0.82012
0.76497
0.69625
0.61378
0.51569
0.40968
0.30128
0.18789
0.07793
-0.02944
-0.12462
-0.21052
-0.28938
-0.35570
-0.40466
-0.43164
-0.44830
-0.44864
-0.43164
-0.39659
-0.35364
-0.29162
-0.22152
-0.14180
-0.06054
0.02553
0.10697
0.18668
0.26691
0.33065
0.38769
0.42515
0.45504
0.46689
0.45985
0.44353
0.40796
0.36003
0.30042
0.22757
0.14579
0.06299
-0.02927
-0.11810
-0.21087
-0.29351
-0.37425
-0.44280
-0.50517
-0.54932
-0.58505
-0.60344
-0.60722
-0.59468
-0.56736
-0.52750
-0.47648
-0.41360
-0.33577
-0.25743
-0.16723
-0.07394
0.02072
0.11092
0.20335
0.29080
0.37154
0.43803
0.50125
0.55073
0.59076
0.61396
0.62873
0.62444
0.61361
0.58750
0.54627
0.49593
0.43717
0.37395
0.30196
0.22104
0.14425
0.05886
-0.02120
-0.10280
-0.18029
-0.25416
-0.31893
-0.37391
-0.42459
-0.46565
-0.49658
-0.51015
-0.51943
-0.51547
-0.49984
-0.47716
-0.44023
-0.39762
-0.35003
-0.29522
-0.23801
-0.17891
-0.11483
-0.05058
0.00784
0.06711
0.12243
0.17191
0.21658
0.25764
0.28461
0.31141
0.32928
0.33942
0.34268
0.33873
0.33014
0.30952
0.29114
0.26623
0.23582
0.20197
0.16847
0.13239
0.09614
0.05852
0.02416
-0.00728
-0.04319
-0.06793
-0.09164
-0.11947
-0.13373
-0.14765
-0.15709
-0.16792
-0.16637
-0.16723
-0.15967
-0.15486
-0.14215
-0.13253
-0.11758
-0.10401
-0.08786
-0.07171
-0.05659
-0.03838
-0.02412
-0.01330
0.00079
0.01282
0.02364
0.02794
0.03825
0.04306
0.04477
0.04391
0.04718
0.04615
0.04580
0.04495
0.04254
0.03756
0.03601
0.03258
0.03034
0.02605
0.02055
0.01832
0.02107
0.01677
0.01866
0.01625
0.01625
0.01832
0.01505
0.01866
0.02089
0.02244
0.02588
0.02639
0.02880
0.02845
0.03017
0.02742
0.02708
0.02622
0.02536
0.01918
0.01711
0.01316
0.00560
0.00045
-0.00505
-0.01141
-0.01742
-0.02412
-0.03013
-0.03615
-0.03632
-0.04336
-0.04559
-0.04680
-0.04731
-0.04972
-0.04680
-0.04525
-0.04147
-0.03735
-0.03615
-0.03082
-0.02326
-0.01467
-0.01192
-0.00711
0.00251
0.00887
0.01574
0.02416
0.02673
0.03532
0.03859
0.04151
0.04598
0.04684
0.04838
0.04976
0.05010
0.04752
0.04512
0.04477
0.03807
0.03532
0.02759
0.02622
0.01866
0.01574
0.00801
0.00612
-0.00041
-0.00488
-0.01089
-0.01089
-0.01501
-0.01467
-0.01965
-0.01793
-0.02000
-0.02017
-0.02068
-0.01553
-0.01639
-0.01347
-0.01192
-0.00814
-0.00934
-0.00866
-0.00969
-0.00522
-0.00505
-0.00574
-0.00453
-0.00522
-0.00093
-0.00625
-0.00608
-0.00402
-0.00591
-0.00608
-0.00660
-0.00574
-0.00471
-0.00591
-0.00539
-0.00488
-0.00402
0.00182
0.00303
0.00148
0.00698
0.01316
0.01591
0.01814
0.02381
0.02673
0.02708
0.02845
0.03189
0.03223
0.03636
0.03739
0.03653
0.03962
0.03876
0.03756
0.03825
0.03464
0.03155
0.03000
0.02639
0.02296
0.01746
0.01179
0.00698
0.00114
-0.01175
-0.01364
-0.01811
-0.02962
-0.03340
-0.03855
-0.04370
-0.04869
-0.05229
-0.05453
-0.05556
-0.05951
-0.05659
-0.05384
-0.05092
-0.04525
-0.04216
-0.03529
-0.02738
-0.01759
-0.01175
0.00182
0.00887
0.01711
0.02622
0.03550
0.04512
0.04907
0.05508
0.05921
0.06487
0.06539
0.06951
0.06539
0.06316
0.06247
0.05508
0.05165
0.04271
0.03481
0.02845
0.02003
0.01333
0.00303
-0.00591
-0.01364
-0.01828
-0.02567
-0.03237
-0.03838
-0.04233
-0.04336
-0.04370
-0.04233
-0.04267
-0.03803
-0.03700
-0.03288
-0.03082
-0.02429
-0.01931
-0.01570
-0.00694
-0.00625
0.00079
0.00595
0.01127
0.01522
0.01677
0.01883
0.02347
0.02536
0.02192
0.02141
0.02278
0.02296
0.02158
0.01711
0.01694
0.01248
0.01333
0.00973
0.01127
0.00801
0.00698
0.00251
0.00629
0.00423
0.00440
0.00045
0.00251
0.00096
-0.00075
0.00388
0.00079
0.00285
0.00423
0.00182
0.00234
0.00131
0.00337
0.00148
0.00234
-0.00007
0.00165
0.00251
-0.00024
-0.00058
-0.00093
0.00079
-0.00299
-0.00247
-0.00367
-0.00471
-0.00660
-0.00608
-0.00608
-0.00728
-0.00625
-0.00402
-0.00711
-0.00282
-0.00591
-0.00453
-0.00333
-0.00316
-0.00316
-0.00178
0.00165
0.00492
0.00474
0.00766
0.00904
0.01282
0.01127
0.01608
0.01471
0.01780
0.02003
0.01746
0.02244
0.01746
0.01952
0.01368
0.01797
0.01265
0.01144
0.00973
0.00801
0.00388
0.00079
-0.00007
-0.00608
-0.00436
-0.00556
-0.00574
-0.00677
-0.00917
-0.01433
-0.00917
-0.01261
-0.00934
-0.00814
-0.01037
-0.00797
-0.01072
-0.00866
-0.00660
-0.00574
-0.00556
-0.00471
-0.00196
-0.00299
0.00096
0.00440
0.00509
0.00440
0.00973
0.00646
0.01024
0.01007
0.01385
0.01505
0.01436
0.01265
0.01351
0.01660
0.01591
0.01282
0.01076
0.00835
0.00938
0.00973
0.00406
0.00217
-0.00024
-0.00110
-0.00041
-0.00196
-0.00110
-0.00728
-0.00591
-0.00367
-0.00402
-0.00264
-0.00539
-0.00488
-0.00058
0.00062
0.00268
0.00474
0.00646
0.01230
0.01660
0.02124
0.02502
0.02931
0.03223
0.03893
0.04254
0.04735
0.04769
0.04890
0.05096
0.04529
0.03567
0.03086
0.02038
0.00749
-0.00900
-0.02704
-0.05058
-0.07154
-0.09559
-0.12222
-0.14936
-0.17462
-0.19661
-0.21791
-0.22942
-0.23561
-0.23819
-0.23303
-0.21534
-0.19334
-0.15967
-0.11500
-0.06535
-0.01020
0.05525
0.12380
0.19201
0.26228
0.33272
0.39422
0.45212
0.49799
0.53476
0.56156
0.56860
0.56620
0.54369
0.50744
0.45315
0.38563
0.30935
0.21709
0.11676
0.01454
-0.09542
-0.20400
-0.30759
-0.40982
-0.50036
-0.57990
-0.65240
-0.70566
-0.74483
-0.76253
-0.76562
-0.74758
-0.70772
-0.65824
-0.58969
-0.50603
-0.41325
-0.31292
-0.20400
-0.09129
0.02158
0.13102
0.23427
0.32962
0.41810
0.49266
0.55451
0.60365
0.63526
0.65038
0.65055
0.63887
0.61688
0.58372
0.53441
0.48047
0.42394
0.36003
0.29423
0.22929
0.16744
0.10422
0.04787
-0.00488
-0.05109
-0.09628
-0.13442
-0.16173
-0.18974
-0.21482
-0.23097
-0.24884
-0.25983
-0.26980
-0.27856
-0.29007
-0.29351
-0.30330
-0.30777
-0.31361
-0.31773
-0.32202
-0.32512
-0.32185
-0.31532
-0.31189
-0.29625
-0.28011
-0.25708
-0.23114
-0.19781
-0.15469
-0.11225
-0.06570
-0.01106
0.04254
0.09975
0.15473
0.21383
0.26623
0.31846
0.36072
0.40058
0.43167
0.45744
0.46724
0.47823
0.47669
0.46140
0.44181
0.41243
0.37567
0.33203
0.28117
0.22534
0.16882
0.10954
0.04546
-0.01622
-0.07635
-0.13235
-0.18922
-0.23303
-0.27959
-0.31275
-0.34195
-0.36446
-0.37803
-0.38439
-0.37958
-0.37047
-0.35553
-0.33216
-0.30381
-0.27100
-0.23200
-0.19180
-0.15177
-0.10933
-0.06501
-0.02841
0.01127
0.04065
0.07364
0.10027
0.12037
0.13772
0.14528
0.15112
0.15438
0.15095
0.14717
0.13858
0.13205
0.11985
0.10765
0.09666
0.08790
0.08102
0.07158
0.06900
0.06728
0.07192
0.07553
0.08102
0.09099
0.09425
0.10662
0.11521
0.12672
0.12999
0.13514
0.13789
0.13480
0.12758
0.11796
0.10233
0.08498
0.06058
0.03343
0.00354
-0.02721
-0.06432
-0.09610
-0.13424
-0.16654
-0.20022
-0.22822
-0.25296
-0.27461
