0.00028
-0.00007
-0.00144
-0.00093
0.00646
0.00388
0.00268
0.00165
-0.00024
0.00200
0.00303
0.00526
0.00182
0.00870
0.00440
0.00835
0.00371
0.00698
0.00492
0.00526
0.00217
0.00303
0.00182
0.00388
0.00560
0.00320
0.00354
-0.00024
0.00148
-0.00333
0.00028
-0.00539
-0.00127
-0.00007
0.00045
-0.00075
0.00303
-0.00196
-0.00316
-0.00402
-0.00075
-0.00505
0.00354
0.00165
0.00406
0.00131
0.00062
0.00096
0.00285
0.00285
0.00251
0.00011
0.00509
0.00320
0.00560
0.00629
0.00698
0.00440
0.00268
0.00543
0.00096
0.00165
0.00165
0.00320
0.00303
0.00492
0.00131
0.00165
-0.00093
0.00131
-0.00316
-0.00024
-0.00350
-0.00608
-0.00161
-0.00161
-0.00333
-0.00299
-0.00264
-0.00299
-0.00196
-0.00247
-0.00367
-0.00024
0.00011
0.00165
0.00285
0.00028
0.00440
0.00595
0.00303
0.00715
0.00595
0.00560
0.00749
0.00440
0.00629
0.00766
0.00303
0.00200
0.00457
0.00182
0.00354
0.00011
0.00062
0.00011
0.00406
0.00406
-0.00264
-0.00161
-0.00350
-0.00093
-0.00471
-0.00316
-0.00264
-0.00093
0.00320
0.00011
-0.00110
-0.00230
-0.00282
-0.00161
-0.00316
-0.00178
-0.00041
0.00200
0.00457
0.00577
0.00337
0.00595
0.00646
0.00629
0.00526
0.00612
0.00560
0.00698
0.00870
0.00921
0.01230
0.00715
0.00268
0.00595
0.00234
0.00371
0.00371
0.00337
0.00165
0.00062
0.00062
-0.00058
-0.00007
-0.00213
-0.00367
-0.00230
-0.00436
-0.00110
-0.00127
-0.00127
0.00251
0.00114
0.00114
0.00011
0.00079
0.00354
0.00663
0.00595
0.00663
0.00801
0.00955
0.00784
0.00749
0.00784
0.00629
0.00663
0.00526
0.00681
0.00474
0.00406
0.00320
0.00114
0.00354
0.00182
-0.00024
-0.00316
-0.00230
-0.00350
-0.00058
-0.00247
-0.00213
-0.00075
-0.00178
-0.00196
0.00268
0.00028
0.00079
0.00045
0.00268
0.00371
0.00509
0.00629
0.00440
0.00526
0.00698
0.00612
0.00698
0.00698
0.00612
0.00629
0.00663
0.00715
0.00681
0.00474
0.00577
0.00423
0.00835
0.00595
0.00509
0.00268
0.00492
0.00663
0.00354
0.00354
0.00474
0.00165
0.00285
0.00096
0.00148
0.00011
-0.00041
0.00062
0.00251
0.00234
0.00114
-0.00110
0.00028
0.00234
0.00285
0.00388
0.00011
0.00148
0.00217
0.00371
0.00285
0.00079
0.00388
0.00388
0.00217
0.00354
0.00423
0.00629
0.00457
0.00337
0.00698
0.00560
0.00681
0.00423
0.00715
0.00457
0.00698
0.00612
0.00784
0.00698
0.00543
0.00560
0.00234
0.00474
0.00285
0.00165
0.00303
0.00457
0.00165
0.00560
0.00388
0.00251
0.00285
0.00148
0.00062
0.00423
0.00079
0.00388
0.00217
0.00114
0.00268
0.00371
0.00045
0.00165
0.00165
0.00096
0.00251
0.00011
0.00062
0.00234
0.00440
0.00096
0.00079
0.00388
0.00045
-0.00264
0.00028
0.00200
0.00165
0.00131
0.00354
0.00320
0.00268
0.00354
0.00492
0.00303
0.00612
0.00423
0.00440
0.00818
0.00698
0.00749
0.00577
0.00560
0.00681
0.00784
0.00526
0.00457
0.00474
0.00388
0.00509
0.00526
0.00354
0.00371
0.00715
0.00268
-0.00110
-0.00041
0.00268
0.00062
0.00320
0.00165
0.00079
0.00217
-0.00007
0.00062
-0.00316
0.00388
0.00114
0.00200
0.00011
0.00560
0.00474
0.00474
0.00492
0.00577
0.00251
0.00852
0.00526
0.00612
0.00492
0.00423
0.00904
0.00904
0.00835
0.00234
0.00474
0.00320
0.00303
0.00131
0.00182
0.00200
-0.00178
0.00200
-0.00075
0.00011
0.00028
0.00028
0.00028
0.00320
0.00440
0.00595
0.00543
0.00732
0.00698
0.01007
0.00698
0.00921
0.00921
0.00732
0.01144
0.01024
0.00835
0.01059
0.00973
0.00715
0.00852
0.00371
0.00285
0.00079
0.00200
0.00096
0.00131
-0.00110
0.00251
0.00079
-0.00110
-0.00178
-0.00058
0.00148
-0.00041
0.00182
0.00406
0.00406
0.00371
0.00457
0.00904
0.01299
0.01746
0.02347
0.03103
0.04306
0.06247
0.08309
0.10748
0.13927
0.17586
0.21537
0.25437
0.29767
0.33426
0.36725
0.38786
0.39061
0.37154
0.32842
0.25437
0.14975
0.00835
-0.16895
-0.38611
-0.62818
-0.89859
-1.18533
-1.47637
-1.76036
-2.01909
-2.24175
-2.40410
-2.49550
-2.49825
-2.39895
-2.18694
-1.85983
-1.41314
-0.84602
-0.17342
0.58080
1.38569
2.23062
3.08414
3.89625
4.60734
5.21226
5.73814
6.13037
6.34392
6.34530
6.14394
5.74107
5.12739
4.29139
3.25371
2.01329
0.67151
-0.69621
-2.06153
-3.45107
-4.76794
-5.93207
-6.92148
-7.27815
-6.88592
-7.06820
-6.93471
-7.04364
-6.94588
-6.91495
-6.49782
-5.67471
-4.61366
-3.38183
-2.04967
-0.67250
0.66309
1.91519
3.06026
4.04881
4.84116
5.52666
6.08742
6.46023
6.62070
6.60163
6.46058
6.20270
5.83934
5.36568
4.80766
4.17611
3.50815
2.82729
2.13664
1.46816
0.84675
0.27585
-0.27066
-0.79397
-1.27209
-1.68889
-2.05431
-2.37902
-2.65081
-2.87914
-3.06211
-3.20505
-3.31277
-3.39300
-3.42959
-3.41362
-3.35348
-3.26449
-3.13392
-2.96126
-2.73998
-2.47111
-2.17165
-1.84299
-1.48805
-1.11180
-0.71769
-0.31910
0.07501
0.45847
0.82252
1.16201
1.47400
1.74373
1.97051
2.15623
2.29367
2.38232
2.43266
2.43575
2.39847
2.32374
2.21773
2.07497
1.90437
1.71556
1.50235
1.28227
1.04948
0.81514
0.57874
0.34440
0.11710
-0.09920
-0.30261
-0.49263
-0.65876
-0.80805
-0.93725
-1.03947
-1.11713
-1.17039
-1.20423
-1.21626
-1.20973
-1.17743
-1.13070
-1.06971
-0.99944
-0.91440
-0.82060
-0.72387
-0.62783
-0.52475
-0.42786
-0.33697
-0.25004
-0.17221
-0.09301
-0.02687
0.03653
0.08498
0.13652
0.17088
0.20472
0.23290
0.25231
0.26674
0.27757
0.28736
0.29526
0.29612
0.29681
0.29595
0.29664
0.29303
0.29354
0.29011
0.28839
0.29045
0.29818
0.31038
0.32395
0.33529
0.35505
0.37171
0.39491
0.41020
0.43150
0.44593
0.45796
0.46036
0.46329
0.44851
0.42927
0.39628
0.35058
0.29286
0.22242
0.14236
0.05113
-0.04869
-0.15366
-0.26722
-0.37546
-0.48438
-0.58505
-0.68642
-0.77455
-0.85049
-0.91028
-0.95495
-0.98003
-0.98484
-0.97041
-0.93931
-0.88932
-0.81905
-0.73779
-0.64106
-0.53094
-0.41085
-0.28371
-0.15331
-0.01725
0.12037
0.25025
0.37979
0.49782
0.61361
0.71240
0.80002
0.88180
0.93987
0.98488
1.01580
1.02886
1.02611
1.00257
0.96306
0.90843
0.84177
0.75690
0.66395
0.55451
0.43923
0.31897
0.18995
0.06299
-0.06415
-0.18991
-0.31051
-0.42682
-0.53128
-0.62646
-0.71064
-0.77696
-0.82524
-0.86973
-0.89155
-0.89671
-0.88932
-0.86389
-0.82678
-0.77438
-0.70927
-0.63471
-0.55379
-0.46015
-0.36154
-0.26413
-0.16105
-0.05590
0.04649
0.14476
0.24149
0.32859
0.40968
0.47909
0.54506
0.59368
0.63457
0.66240
0.67976
0.68560
0.67426
0.65416
0.62547
0.58406
0.53476
0.47566
0.40762
0.33924
0.26812
0.19648
0.12157
0.04615
-0.02481
-0.09353
-0.15641
-0.21568
-0.26653
-0.30880
-0.34659
-0.37442
-0.39418
-0.40621
-0.41617
-0.41274
-0.40449
-0.39040
-0.37116
-0.34505
-0.31395
-0.27890
-0.24454
-0.20554
-0.16723
-0.12669
-0.08528
-0.04405
-0.00917
0.03103
0.06384
0.09752
0.12638
0.15662
0.17672
0.19235
0.20575
0.21795
0.22190
0.22207
0.21692
0.20970
0.19837
0.18376
0.16761
0.14751
0.12827
0.10748
0.08429
0.06178
0.04014
0.02450
0.00440
-0.01209
-0.02996
-0.03907
-0.04903
-0.05676
-0.05779
-0.06552
-0.06587
-0.06157
-0.05745
-0.05711
-0.04920
-0.04680
-0.04061
-0.03597
-0.02635
-0.01982
-0.01553
-0.00986
-0.00522
-0.00110
0.00062
0.00440
0.00474
0.00354
0.00801
0.00028
-0.00058
-0.00574
-0.00745
-0.01089
-0.01604
-0.02618
-0.02962
-0.03872
-0.04285
-0.04542
-0.05487
-0.06140
-0.06312
-0.06192
-0.06020
-0.06037
-0.05590
-0.05522
-0.04405
-0.03426
-0.02515
-0.01364
-0.00024
0.01196
0.02777
0.04357
0.05938
0.06969
0.08618
0.09735
0.10439
0.11384
0.11710
0.12569
0.12913
0.12655
0.12363
0.12020
0.11315
0.10508
0.09065
0.07467
0.06041
0.04701
0.03137
0.01179
-0.00282
-0.02463
-0.04199
-0.06003
-0.07583
-0.09061
-0.10573
-0.11895
-0.12823
-0.13596
-0.14215
-0.14301
-0.14369
-0.14198
-0.13631
-0.12617
-0.11638
-0.10487
-0.09164
-0.07446
-0.05882
-0.03718
-0.02378
-0.00299
0.01213
0.03017
0.05182
0.06556
0.08377
0.09271
0.10508
0.11332
0.12363
0.12879
0.13153
0.13257
0.12947
0.12655
0.12174
0.11470
0.10508
0.10095
0.08652
0.07621
0.06470
0.04941
0.03739
0.02158
0.01041
-0.00316
-0.02000
-0.03151
-0.04336
-0.05367
-0.06655
-0.07463
-0.08253
-0.09078
-0.09988
-0.10212
-0.10727
-0.10727
-0.11036
-0.10521
-0.10332
-0.09679
-0.08803
-0.07995
-0.07068
-0.05934
-0.04319
-0.03460
-0.01896
-0.00711
0.00835
0.02089
0.03069
0.04477
0.05388
0.06573
0.07347
0.07896
0.08360
0.08927
0.09322
0.09391
0.08944
0.09185
0.08893
0.08429
0.07845
0.07347
0.06659
0.05800
0.04855
0.04391
0.03258
0.02072
0.01471
0.00388
-0.00471
-0.01519
-0.02463
-0.03254
-0.04302
-0.05040
-0.05642
-0.06209
-0.06913
-0.06965
-0.07429
-0.07618
-0.07652
-0.07205
-0.06896
-0.06707
-0.06157
-0.05350
-0.04628
-0.03735
-0.03048
-0.01965
-0.00763
0.00354
0.01059
0.02502
0.03086
0.03618
0.04477
0.04976
0.05388
0.05783
0.06058
0.06299
0.06505
0.06195
0.06024
0.05543
0.05543
0.04804
0.04529
0.03601
0.03275
0.02725
0.02158
0.01694
0.00732
-0.00024
-0.00556
-0.01106
-0.01759
-0.02687
-0.03082
-0.03082
-0.03133
-0.03580
-0.04010
-0.03924
-0.04181
-0.03683
-0.03219
-0.03288
-0.03219
-0.02498
-0.01948
-0.01209
-0.00986
-0.00556
-0.00178
0.00200
0.00801
0.01127
0.01608
0.01454
0.02175
0.02244
0.02467
0.02330
0.02313
0.02210
0.02210
0.02055
0.01660
0.01763
0.01488
0.01608
0.01351
0.01299
0.01059
0.00801
0.00715
0.00406
0.00457
0.00096
-0.00247
-0.00282
-0.00333
-0.00333
-0.00728
-0.00625
-0.00900
-0.00677
-0.00969
-0.00831
-0.00917
-0.01020
-0.00848
-0.00642
-0.00505
-0.00299
0.00131
0.00457
0.00423
0.00715
0.00801
0.00938
0.01144
0.01162
0.01282
0.01385
0.01522
0.01282
0.01333
0.01248
0.01127
0.01248
0.01093
0.01643
0.02107
0.02313
0.02759
0.03515
0.04203
0.05354
0.06436
0.07450
0.08412
0.09305
0.10473
0.11195
0.12088
0.12140
0.11848
0.11384
0.10095
0.08223
0.05543
0.03034
-0.00814
-0.05418
-0.10830
-0.16672
-0.22822
-0.29694
-0.36463
-0.43799
-0.50465
-0.56839
-0.62869
-0.67680
-0.71631
-0.73779
-0.73985
-0.72645
-0.68522
-0.62852
-0.54039
-0.42923
-0.29814
-0.14404
0.03103
0.22293
0.42377
0.63371
0.84434
1.04913
1.24275
1.42177
1.57193
1.69185
1.78084
1.82310
1.82809
1.78410
1.69288
1.55767
1.37779
1.16184
0.90447
0.61739
0.30643
-0.02034
-0.34917
-0.68058
-0.99669
-1.29563
-1.56983
-1.81619
-2.01428
-2.15499
-2.25120
-2.30291
-2.30188
-2.24209
-2.12991
-1.96996
-1.76586
-1.52499
-1.25131
-0.95426
-0.63849
-0.32134
-0.00625
0.29887
0.58544
0.84348
1.07662
1.27282
1.42864
1.54272
1.61574
1.64718
1.63996
1.59581
1.51592
1.40614
1.27007
1.11133
0.94107
0.75638
0.56774
0.38099
0.19579
0.02347
-0.13304
-0.27495
-0.39676
-0.49675
-0.56667
-0.61375
-0.63986
-0.64055
-0.62062
-0.57750
-0.51479
-0.43799
-0.35570
-0.26121
-0.16345
-0.06535
0.02845
0.11195
0.18600
0.24819
0.28856
0.31416
0.31519
0.29904
0.26399
0.21005
0.13823
0.05680
-0.03838
-0.14112
-0.24300
-0.34711
-0.44400
-0.53489
-0.61203
-0.67250
-0.71545
-0.73470
-0.73504
-0.71288
-0.66786
-0.59931
-0.51410
-0.41119
-0.29247
-0.16672
-0.02549
0.11384
0.25506
0.38683
0.51843
0.63474
0.73869
0.82201
0.89004
0.93660
0.96615
0.97646
0.96100
0.92543
0.87407
0.80449
0.71807
0.62530
0.51345
0.39371
0.27877
0.15060
0.02880
-0.09404
-0.21104
-0.33113
-0.43610
-0.53901
-0.62663
-0.70394
-0.76442
-0.81888
-0.84997
-0.87334
-0.87506
-0.86406
-0.83331
-0.79259
-0.73298
-0.66340
-0.57939
-0.48661
-0.38817
-0.28165
-0.17702
-0.06157
0.04563
0.15318
0.25489
0.34835
0.43288
0.50572
0.56997
0.61585
0.65141
0.67306
0.68251
0.67684
0.66103
0.63870
0.59987
0.55262
0.49662
0.43666
0.37292
0.30351
0.23204
0.16246
0.09254
0.02570
-0.04096
-0.10641
-0.16483
-0.22238
-0.26911
-0.31103
-0.34573
-0.37666
-0.39745
-0.41411
-0.42304
-0.42545
-0.41806
-0.40312
-0.38387
-0.35587
-0.32546
-0.29213
-0.25227
-0.20778
-0.16242
-0.11810
-0.07240
-0.02601
0.01883
0.06350
0.09838
0.13463
0.16435
0.18806
0.20936
0.22912
0.23651
0.24149
0.24303
0.24269
0.23324
0.22259
0.21022
0.19012
0.17088
0.15129
0.13188
0.10594
0.08498
0.06539
0.04134
0.01918
-0.00127
-0.01553
-0.02841
-0.04439
-0.05333
-0.06432
-0.07119
-0.07360
-0.07583
-0.07789
-0.07188
-0.07274
-0.06552
-0.06192
-0.05848
-0.04645
-0.04388
-0.03271
-0.02670
-0.02412
-0.01914
-0.01278
-0.01072
-0.00539
-0.00745
-0.00522
-0.00488
-0.00952
-0.00642
-0.01278
-0.01364
-0.01879
-0.02309
-0.02446
-0.02841
-0.02893
-0.03340
-0.03168
-0.03408
-0.03408
-0.03048
-0.02687
-0.02343
-0.01982
-0.01553
-0.00952
-0.00144
0.00784
0.01540
0.02588
0.03343
0.04254
0.05130
0.06144
0.07054
0.07776
0.08824
0.09288
0.09700
0.10095
0.10267
0.10576
0.10302
0.09992
0.09546
0.08755
0.07759
0.06745
0.05405
0.04168
0.02399
0.01144
-0.00608
-0.02274
-0.03735
-0.05126
-0.06741
-0.07944
-0.09078
-0.10246
-0.11088
-0.11346
-0.11913
-0.12291
-0.12291
-0.11998
-0.11449
-0.10779
-0.10074
-0.09164
-0.08305
-0.06673
-0.05401
-0.04130
-0.02292
-0.01347
0.00526
0.02330
0.03515
0.05199
0.06316
0.07999
0.09305
0.10456
0.11246
0.11916
0.12982
0.13445
0.13394
0.13360
0.12879
0.12655
0.12243
0.11109
0.09924
0.08566
0.07123
0.05628
0.03996
0.02313
0.00749
-0.00677
-0.02790
-0.04130
-0.05573
-0.07102
-0.08270
-0.09490
-0.09971
-0.10693
-0.11449
-0.11861
-0.11930
-0.11741
-0.11225
-0.11105
-0.10401
-0.09456
-0.08889
-0.07411
-0.06604
-0.05298
-0.03889
-0.02378
-0.00763
0.01007
0.02124
0.03240
0.04958
0.06522
0.07432
0.08927
0.09597
0.10886
0.11315
0.11693
0.11642
0.11693
0.11521
0.11298
0.10422
0.09580
0.08412
0.07347
0.06127
0.04907
0.03051
0.01711
0.00079
-0.01123
-0.02738
-0.03958
-0.05006
-0.05882
-0.06432
-0.07394
-0.07686
-0.07772
-0.07669
-0.07703
-0.07446
-0.07274
-0.06879
-0.05985
-0.05247
-0.04405
-0.03649
-0.02876
-0.02189
-0.00814
0.00148
0.00955
0.01763
0.02553
0.03189
0.03962
0.04769
0.05354
0.05457
0.05835
0.06058
0.05938
0.05732
0.05783
0.04976
0.04890
0.03910
0.03137
0.02244
0.01814
0.01076
0.00440
-0.00556
-0.01450
-0.02137
-0.02481
-0.03030
-0.03305
-0.03649
-0.03786
-0.03460
-0.03116
-0.03013
-0.02807
-0.02068
-0.01175
-0.00883
-0.00196
0.00062
0.00990
0.01436
0.02107
0.02433
0.02553
0.02777
0.03172
0.02897
0.03137
0.02897
0.02931
0.02897
0.02158
0.01866
0.01935
0.01385
0.01059
0.00388
0.00079
-0.00436
-0.00367
-0.01209
-0.01261
-0.01622
-0.01828
-0.02137
-0.02360
-0.02584
-0.02738
-0.02807
-0.02532
-0.02412
-0.02137
-0.01879
-0.01708
-0.01467
-0.01123
-0.00453
0.00320
0.00337
0.00904
0.01248
0.01918
0.02536
0.02794
0.02948
0.03155
0.03584
0.03653
0.03429
0.03636
0.03309
0.03275
0.03051
0.02536
0.02536
0.02278
0.01849
0.01265
0.00887
0.00766
0.00388
-0.00075
-0.00471
-0.01106
-0.01020
-0.01055
-0.01501
-0.01759
-0.02017
-0.02378
-0.02412
-0.02910
-0.02670
-0.02807
-0.02635
-0.02481
-0.02395
-0.02360
-0.01982
-0.01639
-0.01244
-0.00866
-0.00797
-0.00110
0.00388
0.01127
0.01265
0.02038
0.02175
0.02175
0.02725
0.02948
0.03172
0.03240
0.03206
0.03275
0.03051
0.02828
0.02948
0.02691
0.01900
0.01746
0.01488
0.01282
0.00973
0.00835
0.00388
0.00268
-0.00161
-0.00505
-0.00488
-0.00831
-0.00883
-0.01020
-0.00780
-0.01398
-0.01123
-0.01347
-0.01381
-0.01158
-0.01398
-0.01570
-0.01467
-0.01398
-0.01347
-0.01278
-0.00866
-0.00505
-0.00385
-0.00282
0.00028
-0.00110
0.00337
0.00406
0.00955
0.00852
0.01213
0.01093
0.01351
0.01402
0.01488
0.01591
0.01763
0.01660
0.01849
0.01677
0.01918
0.02055
0.02519
0.02588
0.02914
0.03120
0.03807
0.04014
0.04632
0.05062
0.04907
0.05079
0.05525
0.05508
0.05594
0.04598
0.04237
0.03636
0.02553
0.00629
-0.00711
-0.03099
-0.04594
-0.07240
-0.09542
-0.11981
-0.14696
-0.17049
-0.19008
-0.21345
-0.22186
-0.23269
-0.24025
-0.23664
-0.22994
-0.21654
-0.19575
-0.16946
-0.13682
-0.09576
-0.05522
-0.00196
0.04787
0.10044
0.15370
0.20335
0.25266
0.30265
0.34491
0.37979
0.40315
0.42532
0.43614
0.44164
0.43940
0.42738
0.40006
0.37464
0.33632
0.29664
0.25094
0.19974
0.14356
0.08996
0.03172
-0.02206
-0.07738
-0.13029
-0.18115
-0.22702
-0.26842
-0.30416
-0.33697
-0.36343
-0.38679
-0.40243
-0.41428
-0.42408
-0.42562
-0.42511
-0.41909
-0.40964
-0.39848
-0.38027
-0.36171
-0.33955
-0.31550
-0.28457
-0.25348
-0.21740
-0.17909
-0.14060
-0.08923
-0.04439
0.00955
0.06110
0.11676
0.17294
0.23066
0.28650
0.34216
0.39525
0.44129
0.48751
0.52651
0.55692
0.58166
0.59214
0.59764
0.59282
0.57582
0.54953
0.51070
0.46552
0.41020
0.35041
0.27825
0.20111
0.12157
0.03601
-0.05006
-0.13923
-0.22100
-0.30364
-0.37889
-0.45156
-0.51376
-0.56633
-0.60653
-0.63625
-0.65292
-0.65704
-0.64519
-0.62320
-0.58866
-0.54571
-0.48369
-0.41583
-0.34384
-0.26499
-0.18218
-0.09336
-0.00574
0.07828
0.16005
0.23840
0.31038
0.37137
0.42377
0.46724
0.49747
0.52170
0.53304
0.52857
0.52153
0.49644
0.46741
0.42583
0.38477
0.33564
0.27774
0.22001
0.15834
0.09889
0.03739
-0.02240
-0.08202
-0.13545
-0.18372
-0.22977
-0.26653
-0.29385
-0.31893
-0.33594
-0.34608
-0.34762
-0.34041
-0.32580
-0.30708
-0.28268
-0.25141
-0.21654
-0.17702
-0.14026
-0.09679
-0.05831
-0.01690
0.01832
0.05680
0.08549
0.11229
0.13806
0.15868
0.17105
0.17981
0.18428
0.18136
0.17741
0.16366
0.15473
0.13806
0.12020
0.09992
0.07948
0.05835
0.03928
0.01918
0.00028
-0.01948
-0.03426
-0.05023
-0.06003
-0.07171
-0.07841
-0.07961
-0.08081
-0.08305
-0.07841
-0.07240
-0.06604
-0.05418
-0.04388
-0.03030
-0.01450
-0.00110
0.01540
0.02794
0.04460
0.05680
0.06951
0.08240
0.08549
0.09374
0.09631
0.09889
0.09236
0.08549
0.07828
0.06814
0.05560
0.04117
0.02381
0.00406
-0.01364
-0.03357
-0.05126
-0.06604
-0.08408
-0.09696
-0.11002
-0.11861
-0.12583
-0.13132
-0.13184
-0.12978
-0.12359
-0.11741
-0.10762
-0.09593
-0.08253
-0.06226
-0.04628
-0.02738
-0.00711
0.01677
0.03807
0.06092
0.08102
0.10027
0.12157
0.13789
0.15404
0.16624
0.17741
0.18359
0.18789
0.18754
0.18256
0.17225
0.16074
0.14287
0.12827
0.10284
0.07570
0.04804
0.02244
-0.01037
-0.04267
-0.06947
-0.09696
-0.12411
-0.14919
-0.16551
-0.18561
-0.19987
-0.20400
-0.20795
-0.20692
-0.20400
-0.19747
-0.18475
-0.16878
-0.14524
-0.12325
-0.10624
-0.07755
-0.04869
-0.02567
0.00595
0.03086
0.05800
0.08223
0.10989
0.13119
0.14992
0.16418
0.18239
0.18909
0.20077
0.20008
0.20094
0.19819
0.18857
0.17483
0.16263
0.14373
0.12140
0.09975
0.07278
0.04769
0.01952
-0.00797
-0.03666
-0.06243
-0.08305
-0.10607
-0.12772
-0.14009
-0.15331
-0.16087
-0.16517
-0.16448
-0.15933
-0.15383
-0.14696
-0.13046
-0.11861
-0.10074
-0.08391
-0.06638
-0.04972
-0.03013
-0.00969
0.00766
0.02502
0.03773
0.05251
0.06505
0.07553
0.08498
0.09271
0.09803
0.09992
0.10353
0.10542
0.10542
0.10439
0.09838
0.09408
0.08463
0.07570
0.06556
0.05594
0.04426
0.03206
0.01746
0.00440
-0.00625
-0.01776
-0.02944
-0.03803
-0.04336
-0.05298
-0.05762
-0.06037
-0.06106
-0.06020
-0.05796
-0.05178
-0.04972
-0.04353
-0.03769
-0.02962
-0.02360
-0.01587
-0.01209
-0.00316
-0.00350
0.00114
0.00526
0.00904
0.00938
0.01162
0.01368
0.01522
0.01436
0.01454
0.01557
0.01557
0.01574
0.01488
0.01729
0.01505
0.01763
0.01677
0.01969
0.01316
0.01419
0.01522
0.01024
0.00749
0.00766
0.00337
-0.00024
-0.00007
-0.00230
-0.00471
-0.00213
-0.00075
-0.00488
0.00045
0.00234
0.00543
0.00938
0.01248
0.01677
0.02072
0.02416
0.02399
0.02983
0.03189
0.02931
0.03103
0.02794
0.02519
0.02570
0.01900
0.01591
0.00595
0.00045
-0.00161
-0.00677
-0.01261
-0.01896
-0.02429
-0.02635
-0.02687
-0.03082
-0.03099
-0.03237
-0.03563
-0.03168
-0.03202
-0.03013
-0.02910
-0.02601
-0.02652
-0.02257
-0.01570
-0.01295
-0.01020
-0.00522
-0.00161
0.00320
0.01093
0.01505
0.01935
0.02742
0.03034
0.03807
0.04048
0.04306
0.05010
0.04855
0.04873
0.05336
0.04993
0.04666
0.04512
0.03962
0.03653
0.03051
0.01866
0.01436
0.00732
-0.00007
-0.00539
-0.00917
-0.01828
-0.02326
-0.02704
-0.02807
-0.03288
-0.03219
-0.03426
-0.03099
-0.03288
-0.02824
-0.02824
-0.02395
-0.02000
-0.02017
-0.01415
-0.01398
-0.00986
-0.00230
0.00114
0.00268
0.00887
0.01024
0.01471
0.01763
0.01814
0.02141
0.02399
0.02313
0.02794
0.02811
0.02794
0.02673
0.02484
0.02330
0.02433
0.02210
0.01986
0.01488
0.01110
0.00354
0.00371
0.00148
-0.00453
-0.00660
-0.00969
-0.01244
-0.01604
-0.01364
-0.00969
-0.01089
-0.00917
-0.01106
-0.00711
-0.00367
0.00028
0.00303
0.00663
0.00663
0.00835
0.01299
0.01488
0.01316
0.01127
0.01299
0.01419
0.01213
0.01436
0.01316
0.00921
0.00870
0.00526
0.00234
0.00320
-0.00144
0.00096
-0.00110
-0.00196
-0.00178
-0.00453
-0.00471
-0.00745
-0.00608
-0.00780
-0.00711
-0.01003
-0.01072
-0.00814
-0.00797
-0.00660
-0.00453
-0.00402
-0.00264
0.00200
0.00303
0.00526
0.01144
0.01333
0.01660
0.01814
0.02296
0.02296
0.02811
0.02794
0.02622
0.02759
0.02725
0.02381
0.02416
0.02141
0.01986
0.01471
0.01248
0.01007
0.00629
0.00526
0.00303
-0.00230
-0.00505
-0.00316
-0.00694
-0.00745
-0.01020
-0.01158
-0.01072
-0.01244
-0.01244
-0.01639
-0.01656
-0.02034
-0.01639
-0.01519
-0.01708
-0.01553
-0.01965
-0.01793
-0.01123
-0.01055
-0.00745
-0.00608
-0.00471
-0.00075
0.00354
0.00921
0.01213
0.01488
0.01574
0.02296
0.02330
0.02794
0.02966
0.02759
0.02708
0.02536
0.02880
0.02948
0.02880
0.02622
0.02416
0.02433
0.02364
0.02708
0.02107
0.02244
0.02278
0.02261
0.02622
0.02278
0.02141
0.01986
0.01918
0.01265
0.01265
0.00079
-0.00196
-0.01055
-0.01931
-0.03408
-0.04456
-0.05693
-0.06587
-0.08322
-0.09662
-0.10950
-0.11913
-0.12445
-0.12858
-0.13407
-0.13373
-0.12943
-0.11861
-0.10693
-0.09112
-0.07033
-0.04542
-0.01811
0.01333
0.04976
0.08549
0.11745
0.15507
0.18857
0.22139
0.25077
0.28100
0.30282
0.31468
0.32327
0.33083
0.32928
0.31502
0.29543
0.27362
0.23788
0.19991
0.15026
0.10267
0.05113
-0.00814
-0.06466
-0.12892
-0.18888
-0.24403
-0.29746
-0.34539
-0.39487
-0.42837
-0.45500
-0.47201
-0.48008
-0.48008
-0.46943
-0.44710
-0.40982
-0.36566
-0.31412
-0.25760
-0.19111
-0.12273
-0.05023
0.02381
0.09425
0.16401
0.22981
0.29062
0.34285
0.38460
0.41982
0.44370
0.45882
0.46535
0.45951
0.44318
0.41930
0.38512
0.34801
0.30282
0.25420
0.19716
0.14648
0.08979
0.03361
-0.01862
-0.06776
-0.11414
-0.15228
-0.19094
-0.22255
-0.24403
-0.25846
-0.26997
-0.27392
-0.27031
-0.25915
-0.24729
-0.22960
-0.20554
-0.17513
-0.14988
-0.11706
-0.08769
-0.05659
-0.02996
0.00165
0.02742
0.04787
0.06470
0.08206
0.09305
0.09924
0.10302
0.10078
0.09546
0.08910
0.07553
0.06487
0.04890
0.03412
0.02227
0.00749
-0.00831
-0.01673
-0.02584
-0.03219
-0.03477
-0.03443
-0.03065
-0.02240
-0.01604
-0.00161
0.00629
0.02536
0.04409
0.06041
0.07329
0.09150
0.10576
0.12174
0.12810
0.13360
0.13875
0.13858
0.13549
0.12518
0.11075
0.09339
0.07965
0.05921
0.03670
0.01179
-0.01570
-0.04027
-0.06415
-0.08992
-0.11260
-0.13304
-0.15177
-0.16620
-0.18046
-0.18836
-0.19609
-0.19283
-0.19008
-0.18527
-0.17445
-0.15916
-0.14026
-0.12291
-0.09937
-0.07686
-0.04955
-0.02378
0.00337
0.02828
0.05336
0.07381
0.09769
0.11487
0.13171
0.14717
0.15730
0.16624
0.17002
0.17019
0.16864
0.16675
0.15730
0.14906
0.13669
0.12294
0.11057
0.09391
0.07570
0.05680
0.04220
0.02141
0.00732
-0.01072
-0.02532
-0.03975
-0.05315
-0.06999
-0.07875
-0.08751
-0.09490
-0.10263
-0.10573
-0.10865
-0.11191
-0.11019
-0.10487
-0.10126
-0.09610
-0.08820
-0.08270
-0.07136
-0.05917
-0.04886
-0.03580
-0.02687
-0.01295
-0.00230
0.01076
0.02158
0.03103
0.04151
0.05457
0.06281
0.06642
0.07501
0.08120
0.08652
0.08738
0.08669
0.08944
0.08996
0.08618
0.08446
0.07742
0.07329
0.06831
0.06006
0.05491
0.04409
0.03498
0.02519
0.01797
0.00784
-0.00505
-0.01347
-0.02635
-0.03460
-0.04370
-0.05075
-0.06071
-0.06810
-0.06930
-0.07618
-0.07652
-0.07532
-0.07394
-0.07652
-0.07343
-0.06793
-0.05934
-0.05470
-0.04525
-0.03992
-0.02979
-0.02103
-0.00900
0.00079
0.00835
0.01935
0.02484
0.03292
0.03996
0.04460
0.05010
0.05302
0.05646
0.05886
0.06230
0.06213
0.06247
0.06144
0.05800
0.05457
0.05010
0.04546
0.03910
0.03464
0.02983
0.02244
0.01574
0.01248
0.00217
-0.00316
-0.00831
-0.01776
-0.02103
-0.02515
-0.02704
-0.03219
-0.03168
-0.03494
-0.03615
-0.03443
-0.03511
-0.03133
-0.03133
-0.02807
-0.02704
-0.02240
-0.02240
-0.01381
-0.01209
-0.01175
-0.01003
-0.00419
-0.00316
-0.00178
0.00114
0.00371
0.00354
0.00440
0.00663
0.00474
0.00870
0.00973
0.00990
0.00887
0.01007
0.01316
0.01625
0.01625
0.01368
0.01643
0.01711
0.01780
0.02089
0.01986
0.02038
0.01969
0.02158
0.02089
0.02244
0.02124
0.02072
0.01832
0.01402
0.01454
0.01574
0.01265
0.00938
0.00543
0.00509
0.00526
0.00354
-0.00058
-0.00230
-0.00247
-0.00574
-0.01123
-0.01450
-0.01209
-0.01690
-0.01570
-0.01587
-0.01673
-0.01914
-0.01948
-0.02017
-0.01673
-0.02240
-0.02103
-0.01965
-0.01604
-0.01673
-0.01673
-0.01089
-0.00831
-0.00247
-0.00247
0.00028
0.00354
0.00337
0.00715
0.00560
0.00835
0.01299
0.01471
0.01832
0.01591
0.02072
0.02381
0.02484
0.02347
0.02450
0.02330
0.02656
0.02553
0.02553
0.02622
0.02502
0.02227
0.02278
0.02003
0.01625
0.01265
0.00784
0.00818
0.00217
-0.00264
-0.00677
-0.00694
-0.01175
-0.01553
-0.01708
-0.02085
-0.02687
-0.02532
-0.02567
-0.02532
-0.02429
-0.02721
-0.02549
-0.02670
-0.02206
-0.02051
-0.02051
-0.01811
-0.01433
-0.01055
-0.00711
-0.00230
-0.00093
0.00698
0.00629
0.01213
0.01694
0.01918
0.02089
0.02484
0.02966
0.03292
0.03086
0.02931
0.03051
0.03000
0.02777
0.02794
0.02416
0.02141
0.02158
0.01729
0.01196
0.00904
0.00440
-0.00127
-0.00213
-0.00574
-0.01072
-0.01261
-0.01776
-0.01622
-0.01811
-0.01811
-0.02051
-0.02034
-0.01931
-0.01862
-0.01433
-0.01330
-0.00866
-0.00883
-0.00625
-0.00556
-0.00247
0.00011
0.00182
0.00285
0.00337
0.00509
0.00852
0.00887
0.01076
0.01144
0.01041
0.01093
0.01333
0.01230
0.01402
0.01127
0.01419
0.00749
0.01059
0.00955
0.01213
0.00749
0.00698
0.00543
0.00234
0.00045
0.00320
-0.00024
-0.00213
-0.00385
-0.00213
-0.00213
-0.00161
-0.00196
-0.00574
-0.00385
-0.00161
-0.00161
-0.00230
0.00165
0.00096
0.00251
0.00423
0.00440
0.00423
0.00457
0.00629
0.00612
0.00492
0.00423
0.00406
0.00560
0.00560
0.00543
0.00079
0.00423
0.00285
0.00062
0.00217
-0.00264
-0.00093
-0.00247
-0.00539
-0.00127
-0.00299
-0.00041
-0.00127
-0.00402
-0.00247
-0.00488
-0.00110
-0.00367
0.00096
-0.00041
-0.00178
0.00217
0.00045
0.00096
0.00096
0.00165
0.00474
0.00285
0.00320
0.00526
0.00268
0.00560
0.00354
0.00337
0.00234
0.00285
0.00509
0.00337
0.00474
0.00354
0.00320
0.00285
0.00440
0.00492
0.00354
0.00182
0.00492
0.00784
0.00663
0.00818
0.00543
0.00835
0.00852
0.00766
0.01041
0.00921
0.00646
0.00749
0.00681
0.00440
0.00474
0.00629
0.00371
0.00131
0.00303
0.00200
-0.00230
-0.00230
-0.00367
-0.00213
-0.00093
-0.00196
-0.00350
-0.00539
-0.00230
-0.00711
-0.00093
-0.00144
0.00045
-0.00264
-0.00213
0.00028
0.00114
-0.00041
0.00217
0.00337
0.00474
0.00337
0.00595
0.00663
0.00818
0.00698
0.00887
0.01230
0.01333
0.01213
0.01144
0.01162
0.01866
0.01557
0.01454
0.01265
0.01179
0.01505
0.01677
0.01471
0.01351
0.00938
0.00784
0.00114
-0.00196
-0.00625
-0.01003
-0.01673
-0.02085
-0.02756
-0.03202
-0.03632
-0.03821
-0.04336
-0.04474
-0.04559
-0.04319
-0.03855
-0.02996
-0.02326
-0.02034
-0.00848
0.00371
0.02055
0.03464
0.04426
0.05955
0.06969
0.08463
0.09477
0.10267
0.10714
0.10559
0.10370
0.10284
0.09838
0.08944
0.07621
0.06024
0.04649
0.02433
0.00749
-0.01381
-0.03168
-0.04937
-0.07085
-0.08494
-0.09902
-0.11019
-0.11758
-0.12462
-0.12875
-0.12600
-0.12153
-0.11191
-0.10315
-0.09181
-0.07721
-0.06277
-0.04542
-0.02584
-0.01020
0.00698
0.02141
0.03447
0.04769
0.05903
0.06762
0.07518
0.07931
0.07862
0.07810
0.07535
0.07072
0.06625
0.06024
0.05027
0.04752
0.03910
0.03258
0.02862
0.02536
0.02192
0.02364
0.02038
0.02227
0.02278
0.02691
0.03000
0.03326
0.03928
0.04254
0.04220
0.05027
0.04890
0.04890
0.04495
0.04357
0.03945
0.03069
0.02003
0.01093
-0.00058
-0.00883
-0.02601
-0.04216
-0.05384
-0.06999
-0.07875
-0.09542
-0.10521
-0.11363
-0.11913
-0.12858
-0.12480
-0.12480
-0.11706
-0.10916
-0.09817
-0.08803
-0.07360
-0.05745
-0.03786
-0.01690
0.00371
0.02278
0.04684
0.06419
0.08463
0.10319
0.11556
0.12758
0.13978
0.14150
0.14871
0.14648
0.14631
0.14390
0.13325
0.12140
0.10868
0.09528
0.08017
0.06161
0.03928
0.02244
0.00560
-0.01450
-0.02841
-0.04800
-0.06346
-0.07377
-0.08288
-0.09061
-0.09576
-0.10195
-0.10263
-0.10109
-0.09851
-0.09576
-0.08580
-0.08288
-0.06913
-0.06071
-0.04766
-0.03683
-0.02429
-0.01278
-0.00127
0.01127
0.02124
0.03051
0.03962
0.04615
0.05233
0.05886
0.06178
0.06230
0.06556
0.06024
0.05766
0.05938
0.05096
0.04855
0.04271
0.03343
0.03069
0.02313
0.01832
0.01076
0.00423
-0.00144
-0.00316
-0.00556
-0.00917
-0.01759
-0.01604
-0.01501
-0.01639
-0.01673
-0.01330
-0.01604
-0.00831
-0.00814
-0.00969
-0.00419
-0.00247
0.00200
0.00251
0.00560
0.00577
0.00938
0.01282
0.01127
0.01213
0.01522
0.01540
0.01505
0.01248
0.01213
0.01282
0.01333
0.01127
0.01041
0.00766
0.00560
0.00045
0.00182
-0.00264
-0.00385
-0.00367
-0.00677
-0.00591
-0.00934
-0.00660
-0.00728
-0.00642
-0.00728
-0.00780
-0.00625
-0.00075
-0.00007
-0.00144
0.00423
0.00440
0.00440
0.00921
0.00973
0.00973
0.01454
0.01162
0.01694
0.01454
0.01316
0.01419
0.01557
0.01608
0.01419
0.01488
0.01488
0.00938
0.01230
0.01144
0.00887
0.00766
0.00595
0.00526
0.00423
0.00251
0.00096
0.00457
-0.00178
-0.00075
-0.00230
-0.00144
-0.00591
-0.00436
-0.00453
-0.00282
-0.00728
-0.00144
-0.00367
-0.00213
-0.00402
0.00165
0.00200
0.00320
0.00543
0.00681
0.00904
0.00887
0.00870
0.01144
0.00921
0.01076
0.00990
0.00870
0.00852
0.01007
0.00938
0.00801
0.00509
0.00973
0.01007
0.00526
0.00732
0.00715
0.00801
0.00749
0.00870
0.00973
0.00766
0.00938
0.00835
0.00715
0.00543
0.00663
0.00663
0.00474
0.00698
0.00423
0.00492
0.00079
0.00354
0.00165
0.00148
0.00131
0.00148
0.00062
0.00011
0.00234
0.00200
-0.00024
0.00182
0.00371
0.00182
0.00371
0.00268
0.00354
-0.00058
0.00200
-0.00058
0.00165
-0.00024
-0.00093
-0.00024
-0.00333
-0.00436
-0.00144
-0.00419
-0.00282
-0.00264
-0.00161
0.00182
0.00285
0.00268
0.00285
0.00835
0.00887
0.00732
0.01230
0.01196
0.01333
0.01316
0.01333
0.01265
0.01540
0.01299
0.01076
0.01041
0.01144
0.00715
0.00698
0.00457
0.00268
-0.00058
0.00131
-0.00075
-0.00385
-0.00488
-0.00436
-0.00660
-0.00574
-0.00660
-0.00419
-0.00247
-0.00728
-0.00299
-0.00488
-0.00058
0.00114
0.00371
0.00715
0.00801
0.00990
0.00852
0.01179
0.01608
0.01660
0.01625
0.01935
0.01557
0.02055
0.01780
0.01986
0.01316
0.01471
0.01316
0.01093
0.00663
0.00371
0.00543
0.00268
-0.00471
-0.00488
-0.00831
-0.00986
-0.01175
-0.01003
-0.01295
-0.01330
-0.01484
-0.01244
-0.01278
-0.01020
-0.00917
-0.00848
-0.00161
-0.00556
-0.00144
0.00234
0.00217
0.00509
0.00595
0.00835
0.00973
0.01179
0.01093
0.01385
0.01454
0.01591
0.01574
0.01660
0.01591
0.01385
0.01265
0.01522
0.01746
0.01333
0.01127
0.01196
0.00938
0.00681
0.00268
0.00079
-0.00247
-0.00367
-0.00367
-0.00797
-0.00883
-0.00848
-0.00969
-0.00694
-0.01278
-0.00952
-0.01381
-0.00642
-0.00711
-0.00608
-0.00488
-0.00471
-0.00161
-0.00333
0.00131
0.00303
0.00646
0.00698
0.00715
0.00835
0.00595
0.00852
0.00715
0.00887
0.00921
0.00835
0.01059
0.00663
0.00801
0.00646
0.00320
0.00543
0.00526
0.00423
0.00285
0.00285
0.00354
0.00612
0.00234
0.00560
0.00062
0.00028
0.00268
0.00388
0.00406
0.00251
0.00045
-0.00024
0.00114
0.00200
0.00560
0.00337
0.00371
0.00096
0.00268
0.00148
0.00320
0.00062
0.00131
0.00114
0.00200
0.00165
0.00148
0.00079
-0.00007
0.00079
0.00217
-0.00161
-0.00058
0.00045
0.00028
-0.00093
0.00251
0.00131
0.00251
0.00612
0.00423
0.00646
0.00595
0.00887
0.00577
0.00990
0.00938
0.00766
0.00268
0.00749
0.00715
0.00577
0.00509
0.00285
-0.00007
0.00268
0.00182
-0.00058
-0.00110
-0.00247
-0.00282
-0.00196
0.00114
0.00045
0.00114
0.00234
0.00182
0.00114
0.00131
0.00285
0.00268
0.00217
0.00681
0.00595
0.00131
0.00371
-0.00161
0.00371
0.00131
0.00303
0.00011
-0.00058
-0.00367
0.00045
-0.00230
-0.00178
-0.00144
0.00011
-0.00058
0.00114
0.00234
0.00148
-0.00110
0.00268
0.00285
0.00371
0.00698
0.00904
0.00818
0.00646
0.00698
0.01230
0.01248
0.01110
0.00904
0.00887
0.01059
0.00423
0.00715
0.00715
0.00577
0.00457
0.00114
0.00354
0.00234
0.00079
-0.00178
-0.00608
-0.00333
-0.00539
-0.00642
-0.00522
-0.00625
-0.00866
-0.00591
-0.00591
-0.00900
-0.00436
-0.00402
-0.00075
-0.00041
-0.00041
0.00045
0.00388
0.00646
0.00543
0.00406
0.00646
0.00749
0.00921
0.00715
0.01041
0.00887
0.00904
0.01024
0.00749
0.00835
0.00766
0.00406
0.00354
0.00543
0.00165
0.00148
0.00268
-0.00024
-0.00093
0.00062
-0.00161
-0.00264
-0.00488
-0.00196
-0.00556
-0.00642
-0.00660
-0.00814
-0.00625
-0.00453
-0.00591
-0.01072
-0.00677
-0.00488
-0.00591
-0.00642
0.00028
-0.00264
0.00028
0.00285
0.00663
0.01076
0.01660
0.01694
0.02313
0.02794
0.02931
0.03103
0.03343
0.03481
0.03464
0.03447
0.03137
0.02948
0.02673
0.02089
0.01677
0.00870
0.00200
-0.00608
-0.01519
-0.02137
-0.02979
-0.03649
-0.04130
-0.04989
-0.05367
-0.05917
-0.06071
-0.06174
-0.05865
-0.05573
-0.05264
-0.04817
-0.04199
-0.03408
-0.02549
-0.01639
-0.00660
0.00200
0.01162
0.02192
0.03447
0.04340
0.05062
0.05835
0.06573
0.07140
0.07347
0.07879
0.07621
0.07673
0.07450
0.07518
0.06831
0.06299
0.05491
0.04787
0.03893
0.03000
0.02003
0.00938
-0.00110
-0.01209
-0.02034
-0.03237
-0.03941
-0.04869
-0.05487
-0.05951
-0.06449
-0.06432
-0.06896
-0.06621
-0.06484
-0.06192
-0.05590
-0.05418
-0.04800
-0.03992
-0.03288
-0.02652
-0.01347
-0.00694
0.00801
0.01608
0.03120
0.04220
0.05628
0.07089
0.08463
0.09683
0.11109
0.12191
0.13153
0.13686
0.13411
0.12621
0.10954
0.08240
0.04769
-0.00144
-0.05676
-0.12686
-0.20297
-0.28732
-0.37614
-0.46187
-0.54588
-0.61392
-0.67353
-0.70635
-0.71940
-0.69398
-0.63934
-0.54691
-0.41050
-0.23767
-0.02652
0.20988
0.47583
0.75260
1.03504
1.31319
1.57158
1.79905
1.98065
2.11070
2.17908
2.17186
2.08150
1.91158
1.66401
1.33604
0.93780
0.48047
-0.02463
-0.56049
-1.11386
-1.65624
-2.18402
-2.68191
-3.11330
-3.45313
-3.70207
-3.86254
-3.91786
-3.85515
-3.66977
-3.36809
-2.95387
-2.44293
-1.84110
-1.17692
-0.46926
0.25953
0.98694
1.67724
2.33370
2.93450
3.43977
3.84213
4.14656
4.35084
4.44361
4.42110
4.28916
4.05224
3.72118
3.30559
2.80461
2.23285
1.63240
1.02147
0.39164
-0.24334
-0.86045
-1.44029
-1.95879
-2.42060
-2.81969
-3.14131
-3.38853
-3.56566
-3.64589
-3.63009
-3.53628
-3.37427
-3.14182
-2.83945
-2.47265
-2.06325
-1.61948
-1.14840
-0.66752
-0.18613
0.28066
0.72168
1.11906
1.48156
1.79184
2.04301
2.22770
2.35088
2.40929
2.40569
2.34899
2.23663
2.07754
1.87825
1.64202
1.38484
1.10926
0.82699
0.53665
0.26073
-0.00969
-0.25382
-0.48008
-0.67250
-0.83537
-0.96817
-1.06164
-1.12503
-1.15269
-1.14633
-1.11644
-1.05305
-0.95804
-0.84242
-0.71425
-0.56908
-0.41463
-0.25743
-0.09731
0.05955
0.20558
0.33804
0.44937
0.54541
0.61653
0.66000
0.67581
0.66258
0.62169
0.55383
0.46621
0.35831
0.23221
0.09786
-0.04027
-0.18458
-0.32151
-0.45122
-0.56616
-0.66219
-0.73487
-0.78778
-0.80840
-0.81046
-0.77369
-0.71872
-0.63453
-0.53489
-0.41171
-0.27787
-0.13098
0.01711
0.16349
0.30918
0.44198
0.56345
0.66911
0.75604
0.82373
0.86754
0.88884
0.88987
0.87252
0.83593
0.77751
0.71102
0.63028
0.53579
0.43116
0.32413
0.21245
0.09958
-0.01330
-0.12102
-0.22856
-0.33079
-0.42408
-0.51084
-0.58694
-0.64965
-0.70016
-0.74311
-0.76201
-0.77163
-0.76236
-0.73762
-0.70257
-0.64759
-0.58128
-0.50293
-0.41445
-0.32202
-0.22444
-0.12016
-0.01759
0.07999
0.17311
0.26039
0.33649
0.40470
0.45452
0.49971
0.52977
0.54816
0.55056
0.54541
0.52806
0.50022
0.46775
0.43459
0.39113
0.34491
0.29234
0.24321
0.19871
0.14871
0.09838
0.05027
0.00217
-0.04078
-0.08477
-0.12273
-0.16431
-0.20004
-0.22891
-0.25588
-0.27822
-0.30141
-0.30948
-0.31825
-0.31825
-0.31464
-0.30450
-0.28371
-0.25897
-0.23492
-0.20004
-0.16843
-0.13270
-0.09559
-0.05934
-0.02051
0.01265
0.04065
0.06711
0.08893
0.11161
0.12775
0.13875
0.14253
0.14614
0.14940
0.14906
0.14614
0.14356
0.13961
0.13360
0.12982
0.12690
0.12088
0.11521
0.11023
0.10233
0.09408
0.08446
0.07450
0.06316
0.04649
0.03034
0.01041
-0.00848
-0.02893
-0.04766
-0.06535
-0.08219
-0.09748
-0.10573
-0.11724
-0.12102
-0.12359
-0.11878
-0.11363
-0.10229
-0.08992
-0.07549
-0.05934
-0.04216
-0.02584
-0.00436
0.01041
0.02416
0.03739
0.04615
0.05251
0.06161
0.06092
0.06195
0.06161
0.05732
0.05508
0.05182
0.04598
0.04134
0.03962
0.03189
0.02656
0.02433
0.02175
0.01935
0.01265
0.00921
0.00423
-0.00539
-0.00866
-0.01914
-0.02412
-0.03288
-0.04216
-0.04903
-0.05109
-0.05401
-0.05985
-0.06226
-0.06037
-0.05831
-0.05161
-0.04319
-0.03219
-0.02378
-0.00952
0.00234
0.01694
0.02966
0.04426
0.05594
0.06230
0.07243
0.08017
0.08343
0.08549
0.08549
0.08377
0.07828
0.07089
0.06573
0.06006
0.05182
0.04031
0.03275
0.02021
0.01505
0.00732
-0.00264
-0.01261
-0.02223
-0.03116
-0.03632
-0.04456
-0.05092
-0.05796
-0.06466
-0.07171
-0.07394
-0.07721
-0.08064
-0.08631
-0.08442
-0.08219
-0.07686
-0.06896
-0.06329
-0.05298
-0.03958
-0.02790
-0.01501
0.00011
0.01746
0.02931
0.04495
0.05525
0.06728
0.07965
0.08790
0.08996
0.09099
0.09305
0.09408
0.09133
0.08721
0.08360
0.07123
0.06556
0.05835
0.04701
0.04203
0.03258
0.02433
0.01419
0.00681
-0.00144
-0.00866
-0.01278
-0.02206
-0.03133
-0.03769
-0.04061
-0.04439
-0.05212
-0.05796
-0.06312
-0.06707
-0.06673
-0.06381
-0.06518
-0.06243
-0.06381
-0.05814
-0.04697
-0.03872
-0.03529
-0.02446
-0.01501
-0.00402
0.00784
0.01952
0.02811
0.03275
0.04237
0.04666
0.05010
0.05044
0.05611
0.05388
0.05422
0.05044
0.04804
0.04340
0.04357
0.04048
0.03636
0.03378
0.02622
0.02330
0.02261
0.01780
0.01832
0.01557
0.01213
0.00818
0.00595
0.00062
-0.00299
-0.00522
-0.00814
-0.01312
-0.01553
-0.01914
-0.02189
-0.03013
-0.03013
-0.03116
-0.03374
-0.03374
-0.03030
-0.02944
-0.02515
-0.02085
-0.02051
-0.01158
-0.00711
-0.00282
-0.00024
0.00749
0.01144
0.01419
0.01832
0.02175
0.02244
0.02622
0.02570
0.02433
0.02467
0.02605
0.02244
0.02244
0.02141
0.01574
0.01849
0.01711
0.01608
0.01333
0.01059
0.01127
0.01024
0.00698
0.00663
0.00698
0.00182
-0.00075
-0.00608
-0.00917
-0.01037
-0.01244
-0.01415
-0.01845
-0.01639
-0.01690
-0.01948
-0.01347
-0.01158
-0.00952
-0.00677
-0.00075
0.00165
0.00715
0.01127
0.01471
0.02021
0.02656
0.02673
0.02845
0.03309
0.03069
0.02656
0.02450
0.02399
0.01849
0.01694
0.01368
0.01041
0.00560
0.00045
-0.00247
-0.00574
-0.00574
-0.00952
-0.00900
-0.01415
-0.01261
-0.01072
-0.01312
-0.01244
-0.01106
-0.01226
-0.00900
-0.01398
-0.01278
-0.01278
-0.00917
-0.01278
-0.00986
-0.00780
-0.00934
-0.00471
-0.00574
-0.00316
-0.00110
0.00681
0.01041
0.01436
0.01935
0.01969
0.02656
0.02777
0.03584
0.03618
0.03945
0.03670
0.04409
0.03687
0.03910
0.03069
0.02948
0.02536
0.02107
0.02089
0.00955
0.00766
-0.00093
-0.00556
-0.00917
-0.01106
-0.01656
-0.01896
-0.02103
-0.02532
-0.02360
-0.02618
-0.02567
-0.02773
-0.02790
-0.02807
-0.02859
-0.02412
-0.02240
-0.02257
-0.01879
-0.01690
-0.01226
-0.01020
-0.00591
-0.00419
0.00217
0.00715
0.01179
0.01419
0.01986
0.02124
0.02536
0.02605
0.03223
0.03206
0.03017
0.03206
0.03137
0.02931
0.02828
0.02381
0.02467
0.01952
0.01608
0.01436
0.01419
0.01007
0.01282
0.00973
0.01522
0.01832
0.02107
0.02107
0.02708
0.03429
0.04134
0.04924
0.05543
0.06006
0.06728
0.07948
0.08223
0.08137
0.07724
0.07347
0.06316
0.04632
0.02330
-0.00402
-0.03821
-0.07686
-0.12514
-0.17410
-0.22685
-0.27993
-0.33543
-0.38697
-0.43456
-0.47373
-0.50379
-0.52063
-0.51977
-0.50517
-0.46462
-0.41514
-0.33783
-0.24196
-0.12772
0.00268
0.14700
0.29921
0.45487
0.61327
0.76171
0.89863
1.02233
1.12181
1.19620
1.24121
1.25667
1.22970
1.17438
1.08555
0.96323
0.80689
0.63148
0.43356
0.21520
-0.01226
-0.23973
-0.46359
-0.68178
-0.88794
-1.07779
-1.24083
-1.36435
-1.45850
-1.52172
-1.55351
-1.53925
-1.49338
-1.41108
-1.29735
-1.15510
-0.98965
-0.80324
-0.60670
-0.40191
-0.19609
0.00457
0.19459
0.37189
0.53166
0.66636
0.77717
0.86135
0.92166
0.95155
0.96392
0.95430
0.92045
0.87870
0.81995
0.76016
0.69299
0.62323
0.55898
0.49816
0.44782
0.40487
0.37086
0.33787
0.31605
0.30145
0.29183
0.28014
0.26262
0.23960
0.21417
0.17998
0.13600
0.08068
0.01230
-0.06570
-0.15486
-0.24918
-0.35346
-0.45947
-0.56203
-0.65945
-0.75033
-0.83383
-0.90306
-0.95185
-0.97986
-0.98879
-0.97848
-0.94687
-0.88863
-0.81218
-0.72044
-0.61014
-0.48816
-0.35776
-0.21912
-0.08047
0.05749
0.18926
0.31588
0.43064
0.53321
0.62237
0.70089
0.75604
0.79727
0.82424
0.83283
0.82527
0.81033
0.78404
0.74401
0.69195
0.63560
0.56809
0.49747
0.42222
0.34766
0.26090
0.18015
0.10216
0.02588
-0.04731
-0.12651
-0.19369
-0.26155
-0.32391
-0.37889
-0.42081
-0.46393
-0.49812
-0.52080
-0.53489
-0.53901
-0.53678
-0.52664
-0.50465
-0.47648
-0.43937
-0.39813
-0.35226
-0.30175
-0.24884
-0.19541
-0.13905
-0.08270
-0.02927
0.02296
0.06780
0.11281
0.14906
0.18342
0.21537
0.23736
0.26107
0.27379
0.28684
0.29578
0.29956
0.29801
0.29818
0.28822
0.28306
0.27636
0.26588
0.25025
0.23290
0.21383
0.19356
0.16950
0.14871
0.12054
0.09030
0.06075
0.02966
-0.00075
-0.03632
-0.06879
-0.10401
-0.12995
-0.16001
-0.18510
-0.21035
-0.22994
-0.24007
-0.24918
-0.25124
-0.25176
-0.24282
-0.22960
-0.21413
-0.19403
-0.16654
-0.13751
-0.11139
-0.07789
-0.04886
-0.01690
0.00955
0.03807
0.06024
0.08360
0.09631
0.10886
0.11727
0.12209
0.12569
0.12123
0.11745
0.11143
0.10078
0.09442
0.08051
0.07072
0.05886
0.04237
0.03687
0.02519
0.01986
0.01162
0.00509
0.00096
-0.00161
-0.00247
-0.00333
-0.00505
-0.00385
0.00028
0.00440
0.00251
0.00577
0.01093
0.01557
0.01608
0.01849
0.01814
0.02278
0.02845
0.02536
0.02553
0.02433
0.02021
0.01608
0.01402
0.01059
0.00079
-0.00848
-0.01450
-0.02738
-0.03391
-0.04645
-0.05367
-0.06106
-0.06982
-0.07738
-0.08356
-0.08631
-0.08734
-0.08631
-0.08477
-0.08081
-0.07514
-0.06484
-0.05212
-0.04370
-0.03202
-0.01862
-0.00264
0.01024
0.02708
0.03481
0.04838
0.06092
0.06917
0.07896
0.08755
0.09374
0.09855
0.10164
0.10302
0.10302
0.10061
0.10009
0.09769
0.08824
0.08309
0.07312
0.06505
0.05044
0.04288
0.03069
0.02055
0.00423
-0.00900
-0.02274
-0.03580
-0.04989
-0.06123
-0.07205
-0.08373
-0.09250
-0.09782
-0.10590
-0.11036
-0.11054
-0.10830
-0.10332
-0.09988
-0.09301
-0.08700
-0.07154
-0.05985
-0.04989
-0.03288
-0.02068
-0.00763
0.00852
0.02399
0.03928
0.05010
0.06161
0.07106
0.08291
0.08876
0.09133
0.09288
0.09735
0.10164
0.09820
0.09666
0.09288
0.09133
0.08171
0.07158
0.06299
0.05302
0.04117
0.02828
0.01436
0.00165
-0.01192
-0.02549
-0.03838
-0.04972
-0.06020
-0.06673
-0.07514
-0.08116
-0.08236
-0.08545
-0.08477
-0.08442
-0.07824
-0.07240
-0.06759
-0.05865
-0.04989
-0.03958
-0.02893
-0.02000
-0.00883
-0.00024
0.00887
0.01832
0.03086
0.03859
0.04804
0.05285
0.05955
0.06625
0.06591
0.06814
0.06883
0.07003
0.07123
0.06951
0.06505
0.06058
0.05577
0.04924
0.04271
0.03395
0.02519
0.01351
0.00543
-0.00488
-0.01312
-0.02618
-0.03065
-0.04147
-0.04628
-0.05023
-0.05195
-0.05607
-0.05436
-0.05642
-0.04972
-0.04817
-0.04388
-0.03666
-0.03254
-0.02274
-0.01398
-0.00745
0.00096
0.00698
0.01248
0.01883
0.02622
0.02759
0.03258
0.03464
0.03464
0.03721
0.03601
0.03240
0.03464
0.02794
0.02862
0.02433
0.02278
0.01866
0.01729
0.00955
0.00612
0.00509
0.00440
-0.00127
-0.00127
-0.00161
-0.00453
-0.00385
-0.00539
-0.00625
-0.00883
-0.00814
-0.00556
-0.00728
-0.00934
-0.00625
-0.00436
-0.00007
0.00182
0.00148
0.00251
0.00629
0.00543
0.00715
0.00835
0.00766
0.00852
0.00595
0.00423
0.00337
0.00182
0.00234
-0.00041
0.00182
-0.00213
-0.00110
-0.00385
-0.00814
-0.00574
-0.00556
-0.00522
-0.00350
-0.00419
0.00028
0.00285
0.00217
0.00612
0.00973
0.00921
0.01333
0.01505
0.01488
0.01660
0.01849
0.02158
0.02021
0.01952
0.01711
0.01299
0.01333
0.01127
0.00887
0.00784
0.00337
0.00045
0.00114
-0.00453
-0.00677
-0.00763
-0.01072
-0.00952
-0.01158
-0.01175
-0.01192
-0.01261
-0.00780
-0.00952
-0.00677
-0.00677
-0.00316
-0.00024
-0.00093
0.00474
0.00990
0.01282
0.01522
0.01729
0.02107
0.02055
0.02313
0.02278
0.02502
0.02381
0.02261
0.02089
0.01643
0.01935
0.01230
0.00904
0.00784
0.00062
-0.00333
-0.00625
-0.01089
-0.01415
-0.01879
-0.01931
-0.02240
-0.02103
-0.01896
-0.01914
-0.01759
-0.01879
-0.01244
-0.01158
-0.00711
0.00062
0.00440
0.00818
0.01282
0.01797
0.02072
0.02364
0.02742
0.03086
0.03223
0.03378
0.03412
0.03258
0.03017
0.03069
0.02691
0.02570
0.02003
0.01591
0.01608
0.01265
0.00698
0.00045
-0.00814
-0.01072
-0.01226
-0.01639
-0.02189
-0.02498
-0.02446
-0.03030
-0.03082
-0.02704
-0.02841
-0.02841
-0.02601
-0.02292
-0.01896
-0.01553
-0.01209
-0.00350
0.00011
0.00320
0.01127
0.01660
0.02192
0.02759
0.03240
0.03206
0.03773
0.04117
0.03962
0.04306
0.03893
0.03859
0.03653
0.03412
0.03069
0.02794
0.02278
0.01729
0.01024
0.01059
0.00165
-0.00093
-0.00471
-0.01003
-0.01123
-0.01295
-0.01793
-0.02068
-0.01587
-0.01364
-0.01226
-0.01192
-0.00608
-0.00247
0.00303
0.00681
0.01488
0.02210
0.02811
0.03395
0.04203
0.04426
0.04495
0.04220
0.04357
0.04048
0.03361
0.02192
0.01110
-0.01003
-0.02584
-0.05092
-0.07635
-0.10401
-0.13356
-0.16139
-0.19008
-0.21860
-0.23973
-0.26103
-0.27117
-0.28114
-0.28011
-0.26911
-0.24746
-0.21826
-0.17634
-0.12583
-0.06346
0.00921
0.08394
0.17071
0.25970
0.34972
0.43769
0.52170
0.60519
0.67563
0.73645
0.78078
0.80620
0.81617
0.80655
0.77579
0.72494
0.64763
0.55761
0.44353
0.30763
0.16297
0.00440
-0.15933
-0.33646
-0.51290
-0.68985
-0.85479
-1.00924
-1.14977
-1.26797
-1.36315
-1.42775
-1.45833
-1.45764
-1.42019
-1.34391
-1.23687
-1.09033
-0.91509
-0.70772
-0.48129
-0.22839
0.03000
0.29475
0.55640
0.81067
1.04793
1.26286
1.44634
1.60045
1.70971
1.77878
1.80283
1.78325
1.71916
1.61436
1.47280
1.29189
1.07885
0.84606
0.59282
0.33100
0.06281
-0.19386
-0.44108
-0.67267
-0.88176
-1.05992
-1.21334
-1.33566
-1.41435
-1.45283
-1.45283
-1.42654
-1.36229
-1.26866
-1.14462
-0.99721
-0.83176
-0.64914
-0.46101
-0.27014
-0.08751
0.09700
0.26571
0.42085
0.55486
0.66275
0.75277
0.81428
0.84761
0.86170
0.85190
0.81497
0.75707
0.68629
0.60313
0.50228
0.39525
0.28650
0.17552
0.06711
-0.03838
-0.13717
-0.22547
-0.29883
-0.36051
-0.40569
-0.43438
-0.44882
-0.44744
-0.42545
-0.39143
-0.34419
-0.28028
-0.21001
-0.13064
-0.04714
0.03790
0.11745
0.20266
0.27757
0.34440
0.39113
0.43116
0.45624
0.46981
0.45951
0.44044
0.40058
0.35179
0.28891
0.21726
0.13634
0.04873
-0.04147
-0.13699
-0.22358
-0.30467
-0.38473
-0.45242
-0.51084
-0.55568
-0.58626
-0.60430
-0.60464
-0.59244
-0.56444
-0.52321
-0.46617
-0.39951
-0.32323
-0.23733
-0.15177
-0.05831
0.03567
0.12861
0.21847
0.30213
0.38116
0.44971
0.50744
0.55692
0.59678
0.61619
0.62925
0.62564
0.60691
0.58063
0.54060
0.49009
0.42841
0.36330
0.28873
0.20799
0.13136
0.04752
-0.03391
-0.11689
-0.19266
-0.26327
-0.32718
-0.38336
-0.43249
-0.47046
-0.49469
-0.51496
-0.51925
-0.51187
-0.49915
-0.46703
-0.43541
-0.39195
-0.34178
-0.28406
-0.22616
-0.16500
-0.10298
-0.03992
0.01969
0.07896
0.13514
0.17947
0.22311
0.26365
0.29269
0.31691
0.33289
0.34096
0.34337
0.33976
0.32498
0.30969
0.28873
0.26107
0.23187
0.19562
0.16315
0.12638
0.09116
0.05611
0.01849
-0.01209
-0.04680
-0.07360
-0.09920
-0.12033
-0.13854
-0.15280
-0.16173
-0.16603
-0.16500
-0.16551
-0.16139
-0.15400
-0.14198
-0.13098
-0.11621
-0.10023
-0.08270
-0.06707
-0.05453
-0.03563
-0.02171
-0.01158
0.00474
0.01608
0.02519
0.03240
0.03739
0.04065
0.04529
0.04443
0.04718
0.04649
0.04271
0.04237
0.04065
0.03584
0.03550
0.02948
0.02656
0.02416
0.02055
0.02158
0.01729
0.01471
0.01557
0.01643
0.01694
0.01660
0.01660
0.01849
0.02210
0.02313
0.02622
0.02691
0.02794
0.03120
0.03120
0.03017
0.02794
0.03086
0.02536
0.02124
0.01540
0.01127
0.00595
-0.00007
-0.00367
-0.01261
-0.01519
-0.02326
-0.03013
-0.03597
-0.03855
-0.04302
-0.04783
-0.04800
-0.05144
-0.04817
-0.04817
-0.04439
-0.04474
-0.03992
-0.03357
-0.02841
-0.01776
-0.01587
-0.00900
-0.00436
0.00509
0.01248
0.01969
0.02364
0.02983
0.03481
0.03979
0.04495
0.04271
0.04649
0.04804
0.04804
0.04718
0.04649
0.04357
0.04065
0.03859
0.03412
0.03000
0.02296
0.02038
0.01454
0.00766
0.00200
0.00062
-0.00264
-0.00780
-0.01123
-0.01501
-0.01450
-0.01673
-0.01725
-0.02000
-0.01776
-0.01845
-0.01673
-0.01759
-0.01312
-0.01484
-0.01209
-0.00969
-0.00642
-0.00591
-0.00934
-0.00831
-0.00917
-0.00453
-0.00488
-0.00625
-0.00694
-0.00900
-0.01003
-0.01072
-0.00866
-0.00660
-0.00883
-0.00574
-0.00883
-0.00677
-0.00660
-0.00110
-0.00007
0.00165
0.00423
0.00749
0.01282
0.01436
0.01780
0.02192
0.02588
0.02605
0.03051
0.03051
0.03206
0.03721
0.03979
0.03704
0.03928
0.03859
0.03842
0.03618
0.03498
0.02966
0.02845
0.02777
0.02175
0.01677
0.01282
0.00251
-0.00333
-0.00883
-0.01656
-0.02171
-0.02738
-0.03494
-0.04405
-0.04817
-0.05023
-0.05487
-0.06003
-0.05814
-0.05934
-0.05779
-0.05470
-0.05161
-0.04748
-0.04319
-0.03288
-0.02721
-0.01845
-0.00660
0.00011
0.00732
0.02003
0.03017
0.03773
0.04460
0.04873
0.05697
0.06127
0.06264
0.06659
0.06573
0.06539
0.06384
0.06041
0.05251
0.04598
0.04048
0.03481
0.02759
0.01694
0.00715
-0.00161
-0.00677
-0.01484
-0.02223
-0.03065
-0.03426
-0.03615
-0.04233
-0.04388
-0.04285
-0.04336
-0.04302
-0.03941
-0.03546
-0.03391
-0.02841
-0.02446
-0.01948
-0.01312
-0.00711
-0.00299
0.00217
0.00337
0.00973
0.01282
0.01711
0.01918
0.02003
0.02296
0.02296
0.02210
0.01883
0.02175
0.01935
0.01643
0.01711
0.01265
0.00852
0.01024
0.00818
0.00406
0.00285
0.00663
0.00457
0.00200
0.00217
0.00096
0.00114
0.00096
0.00200
-0.00007
0.00148
-0.00093
0.00114
0.00303
0.00200
0.00217
0.00182
-0.00093
-0.00213
-0.00110
-0.00178
0.00011
-0.00041
-0.00196
-0.00402
-0.00608
-0.00402
-0.00230
-0.00299
-0.00367
-0.00471
-0.00677
-0.00402
-0.00453
-0.00539
-0.00471
-0.00660
-0.00574
-0.00316
-0.00213
-0.00350
-0.00041
-0.00075
0.00028
-0.00007
0.00285
0.00492
0.00646
0.00852
0.00904
0.01265
0.01076
0.01711
0.01488
0.01591
0.01608
0.01711
0.01436
0.01282
0.01230
0.01127
0.00955
0.00921
0.00766
0.00681
0.00200
0.00457
-0.00093
-0.00093
-0.00058
-0.00385
-0.00471
-0.00608
-0.00660
-0.00763
-0.00814
-0.00608
-0.00677
-0.00797
-0.00866
-0.00900
-0.00625
-0.00917
-0.00539
-0.00660
-0.00660
-0.00505
-0.00230
-0.00058
-0.00058
-0.00024
0.00337
0.00629
0.00406
0.00543
0.00766
0.00870
0.00835
0.00990
0.00990
0.01230
0.01179
0.01333
0.00955
0.01230
0.01351
0.00870
0.01059
0.00801
0.00887
0.00646
0.00612
0.00320
0.00268
0.00217
0.00079
-0.00127
-0.00247
-0.00299
-0.00282
-0.00316
-0.00127
0.00165
0.00045
-0.00007
0.00354
0.00766
0.01059
0.01333
0.01454
0.01986
0.02588
0.03051
0.03309
0.03842
0.03996
0.04426
0.04769
0.04787
0.04615
0.04357
0.03928
0.02845
0.01797
0.00251
-0.00831
-0.02790
-0.05195
-0.07892
-0.10177
-0.12514
-0.15263
-0.17221
-0.20039
-0.21654
-0.23148
-0.23939
-0.23750
-0.22839
-0.21448
-0.19163
-0.15520
-0.11311
-0.06466
-0.00505
0.06299
0.12638
0.19441
0.26726
0.33907
0.40006
0.45847
0.50692
0.54042
0.56482
0.57186
0.56482
0.54317
0.50057
0.44920
0.37962
0.29904
0.20885
0.11092
0.00766
-0.10401
-0.21241
-0.32168
-0.41841
-0.50895
-0.59038
-0.66237
-0.71442
-0.75067
-0.76596
-0.76270
-0.74380
-0.70910
-0.65567
-0.58523
-0.50070
-0.40586
-0.30295
-0.19403
-0.08305
0.03000
0.14012
0.24166
0.33735
0.42274
0.49730
0.55915
0.60313
0.63423
0.64918
0.64952
0.64041
0.61430
0.57427
0.52737
0.47840
0.41415
0.35385
0.28478
0.22190
0.16108
0.09872
0.04185
-0.00986
-0.05779
-0.10006
-0.13562
-0.16568
-0.19489
-0.21740
-0.23509
-0.24832
-0.25966
-0.27083
-0.27839
-0.28887
-0.29660
-0.30295
-0.30759
-0.31258
-0.31790
-0.31996
-0.31945
-0.31807
-0.31721
-0.30708
-0.29162
-0.27787
-0.25279
-0.22547
-0.19077
-0.15228
-0.10573
-0.05693
-0.00144
0.05079
0.11023
0.16383
0.22001
0.27379
0.32155
0.36656
0.40573
0.43322
0.46002
0.47188
0.47806
0.47617
0.46071
0.43837
0.40848
0.37154
0.32619
0.27636
0.22293
0.16212
0.10405
0.04151
-0.01914
-0.08339
-0.13734
-0.18905
-0.24093
-0.27873
-0.31601
-0.34298
-0.36274
-0.37546
-0.37889
-0.37941
-0.36515
-0.34883
-0.32460
-0.29436
-0.26310
-0.22461
-0.18355
-0.14283
-0.10143
-0.06106
-0.02326
0.01316
0.04855
0.07862
0.10302
0.12312
0.14098
0.14820
0.15559
0.15645
0.15284
0.14786
0.13892
0.12827
0.12071
0.10679
0.09425
0.08944
0.07742
0.07604
0.06831
0.07329
0.07123
0.07828
0.08137
0.09133
0.09975
0.11057
0.12054
0.12827
0.13772
0.13892
0.14219
0.13927
0.13119
0.12329
0.10611
0.08515
0.06127
0.03670
0.00629
-0.02756
-0.06484
-0.09799
-0.13493
-0.16654
-0.20090
-0.22908
-0.25348
-0.27598
