3.80038
3.80210
3.80674
3.80347
3.80347
3.80296
3.80330
3.80193
3.79368
3.79317
3.78543
3.78337
3.77375
3.77203
3.76636
3.76379
3.76362
3.76362
3.75966
3.75881
3.76259
3.76808
3.76825
3.76791
3.77444
3.77255
3.77564
3.77410
3.77238
3.77427
3.77032
3.76911
3.76654
3.76241
3.75760
3.75606
3.75262
3.75107
3.74918
3.74626
3.74678
3.74747
3.74936
3.74472
3.74626
3.74678
3.74747
3.74747
3.74403
3.74420
3.74248
3.74455
3.74197
3.73596
3.73664
3.73613
3.73441
3.73372
3.73149
3.73252
3.73063
3.72977
3.72891
3.73304
3.73097
3.72685
3.72977
3.72926
3.73115
3.72599
3.72444
3.72341
3.71843
3.71895
3.71912
3.71465
3.71259
3.71208
3.71053
3.70847
3.71001
3.70623
3.70898
3.70915
3.71156
3.71036
3.71053
3.70950
3.70967
3.70950
3.70881
3.70658
3.70641
3.70297
3.69936
3.69850
3.69369
3.69438
3.69094
3.69026
3.68991
3.68802
3.68596
3.68562
3.68527
3.68613
3.68304
3.68493
3.68510
3.68441
3.68510
3.68545
3.68441
3.68373
3.68081
3.68167
3.67892
3.67875
3.67703
3.67686
3.67634
3.67153
3.67393
3.66809
3.66363
3.66758
3.66328
3.65985
3.65538
3.65263
3.65194
3.64885
3.64988
3.65074
3.65280
3.65297
3.65641
3.66053
3.66706
3.66998
3.67548
3.67376
3.67909
3.67256
3.67582
3.67016
3.66260
3.65572
3.64868
3.64026
3.63184
3.62205
3.61346
3.61054
3.60624
3.60693
3.60367
3.60710
3.61432
3.61724
3.62239
3.62927
3.63425
3.64043
3.64971
3.65401
3.65658
3.65830
3.66088
3.66208
3.66191
3.66105
3.65607
3.65160
3.64576
3.63270
3.62136
3.60676
3.59765
3.58065
3.56845
3.55281
3.54594
3.54354
3.54354
3.54680
3.55969
3.57137
3.58700
3.60968
3.62789
3.64404
3.66638
3.67686
3.68699
3.68957
3.68270
3.67754
3.66191
3.64129
3.62119
3.59714
3.57446
3.55453
3.53374
3.51966
3.50900
3.50522
3.50608
3.51553
3.52722
3.53941
3.56140
3.58168
3.60195
3.61501
3.62927
3.64009
3.64576
3.64748
3.64043
3.62944
3.62154
3.60539
3.59473
3.57618
3.55866
3.54354
3.53632
3.52653
3.52120
3.51777
3.52137
3.52618
3.53306
3.54182
3.55058
3.55522
3.56587
3.57395
3.57893
3.58357
3.58322
3.58288
3.58047
3.57429
3.57051
3.56192
3.55281
3.54972
3.54525
3.54182
3.53821
3.53409
3.53477
3.53632
3.53787
3.53666
3.53924
3.53993
3.54113
3.54268
3.53855
3.53581
3.53392
3.53220
3.53065
3.52876
3.52017
3.52086
3.52052
3.52206
3.52309
3.52309
3.52928
3.52945
3.53460
3.53666
3.53821
3.53581
3.53941
3.53529
3.53323
3.52292
3.52344
3.51536
3.51055
3.50196
3.49921
3.49337
3.49423
3.49096
3.48873
3.48959
3.49320
3.49835
3.50041
3.50711
3.51175
3.51691
3.52052
3.52189
3.52137
3.52069
3.51691
3.51381
3.50832
3.50299
3.49543
3.49165
3.48323
3.47911
3.47602
3.47275
3.46983
3.46880
3.47086
3.47413
3.47671
3.47963
3.48512
3.48409
3.48615
3.49079
3.49217
3.49251
3.49182
3.49114
3.48753
3.48306
3.48169
3.47499
3.47361
3.47138
3.46605
3.46245
3.46107
3.45970
3.45953
3.46004
3.45764
3.45953
3.46296
3.46176
3.46193
3.46262
3.46193
3.46245
3.46330
3.45953
3.45918
3.46073
3.45815
3.45540
3.45300
3.45145
3.45145
3.44767
3.44887
3.44887
3.44870
3.44561
3.44595
3.44595
3.44561
3.44320
3.43960
3.43857
3.44183
3.43805
3.43530
3.43513
3.43290
3.43393
3.43186
3.43083
3.42980
3.43135
3.43015
3.42791
3.42877
3.43118
3.43015
3.42826
3.42894
3.42929
3.42551
3.42431
3.42345
3.42207
3.42018
3.41881
3.41881
3.41761
3.41331
3.41245
3.41005
3.41211
3.41228
3.41262
3.40884
3.40609
3.40764
3.40884
3.40575
3.40833
3.40627
3.40644
3.40695
3.40850
3.40403
3.40214
3.40231
3.39905
3.40077
3.39854
3.39871
3.39630
3.39733
3.39699
3.39441
3.39149
3.38737
3.39029
3.39046
3.38582
3.38324
3.38702
3.38256
3.38221
3.38513
3.38445
3.38187
3.38118
3.38204
3.38256
3.38204
3.38239
3.37998
3.37775
3.37861
3.37483
3.37465
3.37654
3.37259
3.37191
3.37225
3.36899
3.36847
3.36727
3.36899
3.36606
3.36211
3.36039
3.35971
3.35885
3.35765
3.35249
3.35180
3.35662
3.35198
3.35369
3.35421
3.35541
3.35799
3.36417
3.36452
3.36589
3.37070
3.37122
3.37294
3.36555
3.36417
3.35558
3.34837
3.34407
3.33480
3.32346
3.31246
3.30250
3.30250
3.30318
3.30473
3.30593
3.31349
3.32535
3.34012
3.35146
3.35988
3.36916
3.37861
3.38204
3.38393
3.37569
3.37053
3.36160
3.34648
3.33170
3.31418
3.30112
3.28858
3.27724
3.26831
3.26831
3.26985
3.27157
3.27913
3.29288
3.30284
3.31504
3.32810
3.33858
3.34528
3.35198
3.35301
3.35180
3.34717
3.33892
3.33136
3.32586
3.32019
3.30765
3.29940
3.29425
3.29030
3.28532
3.28171
3.27982
3.27862
3.28377
3.28240
3.28394
3.28394
3.28721
3.28721
3.29013
3.28858
3.28961
3.28927
3.29081
3.29477
3.29477
3.29270
3.29717
3.30112
3.30147
3.29889
3.29339
3.29391
3.29666
3.29374
3.28480
3.27930
3.27862
3.27346
3.27089
3.26384
3.25834
3.26023
3.25714
3.25645
3.25508
3.25611
3.25817
3.26625
3.26865
3.26745
3.27346
3.27363
3.27570
3.27535
3.27501
3.27810
3.27381
3.27209
3.26779
3.26659
3.26230
3.25955
3.25611
3.25336
3.24975
3.24941
3.24821
3.24134
3.24030
3.24168
3.24443
3.24082
3.23979
3.24134
3.24426
3.24408
3.24288
3.24512
3.24443
3.24786
3.24769
3.24872
3.24769
3.24632
3.24443
3.24374
3.24168
3.24099
3.23790
3.23670
3.23326
3.22982
3.22690
3.22467
3.22175
3.22003
3.21952
3.21917
3.21831
3.21522
3.21814
3.21746
3.22123
3.22227
3.22089
3.22484
3.22364
3.22673
3.22261
3.22536
3.22295
3.22330
3.22192
3.21677
3.21522
3.21608
3.20886
3.20818
3.20594
3.20491
3.20680
3.20027
3.20062
3.20045
3.20113
3.19821
3.20010
3.20079
3.20096
3.19787
3.19787
3.19976
3.20199
3.20371
3.20096
3.19787
3.19838
3.20062
3.20251
3.19924
3.19100
3.19392
3.19151
3.19083
3.18722
3.18155
3.18378
3.18361
3.18017
3.18017
3.17743
3.17897
3.17794
3.17622
3.17743
3.17536
3.17743
3.17846
3.17966
3.17914
3.18000
3.17863
3.17657
3.17416
3.17639
3.17261
3.17090
3.16780
3.16695
3.16299
3.16574
3.16402
3.15973
3.15990
3.15835
3.16042
3.16213
3.15681
3.16024
3.15715
3.15853
3.15681
3.15784
3.15853
3.16042
3.15715
3.15526
3.15526
3.15595
3.15320
3.15131
3.15406
3.14976
3.14873
3.14581
3.14410
3.14392
3.14117
3.14238
3.14135
3.14083
3.13843
3.14169
3.13911
3.13619
3.13516
3.14049
3.13636
3.13705
3.13430
3.13688
3.13413
3.13430
3.13447
3.12915
3.13001
3.12898
3.12932
3.12399
3.12571
3.12657
3.12451
3.12571
3.12434
3.12348
3.12056
3.12503
3.12056
3.12159
3.12039
3.11936
3.12056
3.11489
3.11609
3.11403
3.11420
3.11197
3.11042
3.11128
3.11042
3.10888
3.10870
3.10870
3.10681
3.10699
3.10784
3.10733
3.10784
3.10578
3.10424
3.10510
3.10286
3.10407
3.09788
3.10166
3.09548
3.09633
3.09513
3.09565
3.09015
3.09238
3.09066
3.09152
3.09032
3.08877
3.08740
3.08774
3.08929
3.09187
3.08998
3.09204
3.09496
3.09376
3.09273
3.09255
3.08671
3.08328
3.08276
3.07812
3.07469
3.07039
3.06799
3.06850
3.06369
3.06215
3.06404
3.06953
3.06747
3.06988
3.07383
3.07812
3.08036
3.08122
3.08036
3.08311
3.08190
3.07847
3.07417
3.07228
3.06713
3.06249
3.05751
3.05579
3.05149
3.04926
3.05235
3.05270
3.04995
3.05459
3.05407
3.05321
3.05648
3.05596
3.05321
3.05630
3.05476
3.05132
3.05012
3.05046
3.05132
3.04926
3.05046
3.05304
3.05063
3.04960
3.05132
3.05321
3.05510
3.05029
3.04479
3.04359
3.04531
3.04084
3.03466
3.02727
3.02555
3.02280
3.02297
3.01662
3.01954
3.01851
3.02349
3.02693
3.02813
3.02864
3.03225
3.03706
3.04101
3.03895
3.04153
3.03981
3.03930
3.03741
3.02899
3.02796
3.02212
3.02126
3.01645
3.01421
3.00614
3.00820
3.00476
3.00494
3.00648
3.00442
3.00717
3.01112
3.00854
3.01129
3.01249
3.01112
3.01542
3.01335
3.01730
3.01542
3.01438
3.01267
3.01112
3.01370
3.00717
3.00305
2.99961
3.00133
2.99961
2.99652
2.99428
2.99600
2.99342
2.99136
2.99291
2.99136
2.99463
2.99188
2.99136
2.98999
2.99085
2.99153
2.98930
2.99102
2.99153
2.98827
2.98638
2.98844
2.98827
2.98621
2.98535
2.98380
2.98312
2.98157
2.97796
2.97951
2.97796
2.97934
2.97367
2.97470
2.98088
2.97350
2.97435
2.97350
2.97281
2.97229
2.97092
2.97126
2.96800
2.96834
2.96868
2.96817
2.96972
2.96714
2.96439
2.96611
2.96439
2.96198
2.96611
2.96336
2.96181
2.96130
2.96078
2.95924
2.95666
2.95906
2.95649
2.95528
2.95408
2.95443
2.95013
2.95443
2.95065
2.95168
2.94996
2.95082
2.95219
2.94841
2.94583
2.94755
2.94755
2.95013
2.94927
2.94721
2.94652
2.94652
2.94102
2.94446
2.94068
2.93999
2.93673
2.93656
2.93673
2.93604
2.93381
2.93278
2.92865
2.93140
2.93621
2.93175
2.92900
2.92745
2.93054
2.93364
2.92986
2.92865
2.93020
2.92831
2.93106
2.92556
2.92591
2.92384
2.92522
2.92384
2.92075
2.92144
2.91886
2.91972
2.91525
2.91268
2.91319
2.91663
2.91302
2.91422
2.91268
2.91525
2.91302
2.91302
2.91285
2.90821
2.91251
2.91130
2.91182
2.90804
2.90701
2.90409
2.90769
2.90426
2.90769
2.90203
2.90082
2.90168
2.89996
2.89962
2.89893
2.89928
2.89945
2.89739
2.89910
2.89687
2.89584
2.89361
2.89258
2.89275
2.89464
2.89051
2.89000
2.89051
2.88897
2.88794
2.88966
2.88673
2.88588
2.88656
2.88399
2.88484
2.88261
2.88072
2.88003
2.88261
2.88381
2.88347
2.87952
2.87832
2.88158
2.88072
2.87814
2.87385
2.87316
2.87351
2.87643
2.87436
2.87196
2.87144
2.87265
2.87179
2.86560
2.86835
2.86474
2.86577
2.86474
2.86577
2.86492
2.86612
2.86354
2.86217
2.86148
2.86131
2.86148
2.85976
2.86045
2.85787
2.85787
2.85907
2.85409
2.85323
2.85478
2.85770
2.85564
2.85512
2.85014
2.84928
2.84980
2.84859
2.85048
2.84653
2.84619
2.84722
2.84808
2.84464
2.84413
2.84756
2.84619
2.84327
2.84567
2.84275
2.84430
2.84069
2.84086
2.83811
2.83485
2.83691
2.83468
2.83451
2.83038
2.83004
2.82867
2.83279
2.83073
2.83176
2.82952
2.83468
2.83382
2.83468
2.83365
2.83416
2.83365
2.83451
2.83124
2.82935
2.82609
2.82403
2.81887
2.81664
2.81595
2.81406
2.80925
2.81131
2.80994
2.81252
2.81338
2.81526
2.81595
2.81887
2.82076
2.82248
2.82368
2.81922
2.81389
2.80753
2.79963
2.79156
2.78468
2.77867
2.78108
2.78176
2.79534
2.81441
2.83451
2.85615
2.87677
2.89086
2.89842
2.89069
2.87814
2.84911
2.81338
2.77025
2.71837
2.67164
2.63315
2.60360
2.58849
2.59708
2.61924
2.66253
2.72387
2.80290
2.88416
2.96370
3.03552
3.09513
3.12125
3.12210
3.09135
3.03053
2.94171
2.84344
2.72885
2.61408
2.51341
2.43300
2.37786
2.35844
2.37339
2.41823
2.50138
2.61219
2.73624
2.86062
2.98140
3.08173
3.15320
3.19615
3.19959
3.16780
3.10630
3.02057
2.91680
2.80186
2.69346
2.59072
2.50911
2.45723
2.43129
2.43197
2.45465
2.50705
2.57285
2.65308
2.73555
2.81561
2.88519
2.93450
2.96525
2.97624
2.96748
2.94017
2.90031
2.85547
2.80736
2.76132
2.71802
2.68676
2.66545
2.65394
2.66099
2.66631
2.68418
2.71115
2.73160
2.75101
2.76768
2.77936
2.77987
2.78090
2.76853
2.75342
2.74070
2.72799
2.70978
2.70273
2.69552
2.69930
2.70651
2.71459
2.72644
2.74328
2.76080
2.77712
2.79053
2.79379
2.79808
2.79448
2.78932
2.77712
2.75771
2.73624
2.71768
2.69706
2.68143
2.67198
2.66253
2.66099
2.66528
2.67198
2.68487
2.69655
2.71236
2.72885
2.74276
2.75616
2.76098
2.76544
2.77180
2.76527
2.76132
2.74792
2.74002
2.72679
2.71940
2.70462
2.69861
2.68847
2.68418
2.68229
2.68212
2.68212
2.68916
2.69621
2.69947
2.70445
2.70875
2.71459
2.71596
2.71510
2.71751
2.71373
2.71596
2.71339
2.70772
2.70617
2.70411
2.70153
2.69947
2.69706
2.69414
2.69517
2.69775
2.69294
2.69517
2.69569
2.69552
2.69810
2.69432
2.69105
2.69311
2.69088
2.68985
2.68744
2.68521
2.68607
2.68487
2.67903
2.68229
2.68195
2.67834
2.68401
2.68177
2.68590
2.68504
2.68349
2.68212
2.68762
2.68779
2.68830
2.68332
2.68006
2.68246
2.68229
2.67937
2.67301
2.67250
2.67061
2.66992
2.66906
2.66545
2.66631
2.66700
2.66614
2.66202
2.66219
2.66528
2.66305
2.66511
2.66373
2.66648
2.66717
2.66356
2.66666
2.66356
2.66545
2.66751
2.66597
2.66356
2.66099
2.66339
2.66270
2.65721
2.65583
2.65824
2.65480
2.65325
2.65154
2.64655
2.64827
2.65137
2.64810
2.64776
2.64587
2.64844
2.64982
2.64776
2.64518
2.64587
2.64741
2.64827
2.64896
2.64862
2.64604
2.64518
2.64432
2.64295
2.64295
2.64140
2.63865
2.63779
2.64123
2.63882
2.63350
2.63298
2.63607
2.63367
2.63504
2.63401
2.63075
2.63814
2.63504
2.63333
2.63229
2.63075
2.63367
2.63247
2.62972
2.63109
2.62886
2.62972
2.62766
2.62628
2.62267
2.62388
2.62061
2.62199
2.61975
2.61821
2.61993
2.61769
2.61769
2.61907
2.62027
2.62164
2.62199
2.61907
2.61786
2.61872
2.61872
2.61735
2.61237
2.61494
2.61254
2.60841
2.60807
2.60498
2.60704
2.60567
2.60687
2.60463
2.60670
2.60704
2.60876
2.60567
2.60652
2.60738
2.61065
2.60549
2.60893
2.60498
2.60704
2.60498
2.60086
2.60189
2.60034
2.59828
2.60051
2.59519
2.59381
2.59604
2.59141
2.58917
2.58591
2.58093
2.57938
2.56838
2.56564
2.56375
2.56443
2.56701
2.57371
2.58161
2.59793
2.61116
2.62852
2.64312
2.65154
2.66219
2.65910
2.65205
2.63659
2.61460
2.58934
2.55928
2.52956
2.50018
2.47149
2.45637
2.44658
2.44451
2.45740
2.47888
2.51066
2.54828
2.59226
2.63401
2.67559
2.70462
2.72215
2.73211
2.72696
2.71064
2.68693
2.65343
2.61374
2.57130
2.52750
2.49004
2.45946
2.43455
2.41823
2.41617
2.41909
2.43421
2.45207
2.48128
2.51289
2.54588
2.57319
2.60154
2.62714
2.65016
2.65807
2.66631
2.66683
2.66099
2.64862
2.63298
2.61477
2.59484
2.57337
2.55017
2.52870
2.51066
2.49709
2.48042
2.46977
2.46582
2.46307
2.46513
2.46977
2.48042
2.49537
2.50688
2.52921
2.54536
2.56392
2.57594
2.58488
2.59226
2.60137
2.60103
2.59742
2.59226
2.58556
2.57491
2.56151
2.55035
2.53815
2.52767
2.51719
2.50688
2.50087
2.49348
2.48798
2.48661
2.48369
2.48764
2.49159
2.50087
2.50293
2.51255
2.52234
2.53059
2.53643
2.54330
2.55241
2.55292
2.55705
2.55550
2.55567
2.54949
2.54347
2.53660
2.52973
2.52440
2.51203
2.50636
2.50035
2.49451
2.49245
2.48832
2.48729
2.48884
2.49159
2.49382
2.50155
2.50276
2.50705
2.51324
2.51530
2.51787
2.51976
2.52045
2.52028
2.51702
2.51684
2.51547
2.51100
2.50499
2.50654
2.50465
2.49812
2.49640
2.49795
2.49537
2.49210
2.49451
2.49382
2.49021
2.49193
2.49210
2.49056
2.48918
2.49021
2.49159
2.48884
2.48936
2.48729
2.49124
2.49176
2.48987
2.49159
2.49262
2.49279
2.49245
2.49296
2.49348
2.49210
2.49073
2.49021
2.48747
2.48575
2.47888
2.47664
2.47836
2.47613
2.47303
2.46702
2.47097
2.47252
2.47338
2.47080
2.47166
2.46925
2.47492
2.47699
2.47595
2.47819
2.47888
2.48128
2.48059
2.48094
2.47303
2.47355
2.47252
2.47183
2.46994
2.46358
2.46066
2.46101
2.46169
2.45998
2.45929
2.45688
2.45671
2.45637
2.46066
2.46101
2.46135
2.46049
2.46444
2.46169
2.46187
2.46479
2.46169
2.46084
2.45877
2.45860
2.45912
2.45585
2.45036
2.45104
2.45104
2.45036
2.44640
2.44915
2.44469
2.44829
2.44606
2.44675
2.44658
2.44915
2.44933
2.44847
2.44537
2.44658
2.44795
2.44623
2.44744
2.44451
2.44469
2.44091
2.44091
2.44005
2.44280
2.44022
2.43438
2.43644
2.43575
2.43678
2.43266
2.43403
2.43507
2.43678
2.43592
2.43232
2.43318
2.43524
2.43283
2.43249
2.43232
2.42802
2.42957
2.42802
2.43043
2.43111
2.42424
2.42682
2.42751
2.42527
2.42562
2.42081
2.41960
2.42321
2.42304
2.42424
2.42218
2.42029
2.41943
2.42270
2.41754
2.41703
2.41668
2.41479
2.41428
2.41565
2.41737
2.41290
2.41273
2.41290
2.41325
2.41015
2.41101
2.40912
2.41204
2.41153
2.41170
2.41187
2.40775
2.40586
2.41204
2.40878
2.40637
2.40448
2.40620
2.40483
2.40328
2.40328
2.40019
2.40122
2.40448
2.40569
2.40088
2.40156
2.40156
2.39950
2.39710
2.39332
2.39143
2.38885
2.38404
2.38043
2.38078
2.37871
2.37992
2.37992
2.38627
2.39607
2.40139
2.40878
2.41771
2.42785
2.43592
2.43833
2.43575
2.43060
2.42115
2.40929
2.38937
2.36669
2.34246
2.32339
2.30415
2.28680
2.28182
2.28113
2.29195
2.31360
2.33886
2.37236
2.41067
2.44933
2.48145
2.50654
2.52389
2.52784
2.52131
2.50035
2.46874
2.43180
2.38490
2.33370
2.28611
2.24694
2.21756
2.19849
2.18956
2.19643
2.21928
2.25811
2.30123
2.35105
2.39985
2.45053
2.48712
2.51684
2.52853
2.53196
2.51684
2.49451
2.45809
2.41857
2.37493
2.33422
2.30157
2.27271
2.25605
2.23955
2.24162
2.25106
2.26824
2.28989
2.31498
2.34246
2.36600
2.38885
2.40277
2.41256
2.40844
2.40603
2.39693
2.38541
2.37219
2.35604
2.34229
2.33525
2.33216
2.32855
2.33370
2.33559
2.34315
2.35140
2.35260
2.35964
2.36549
2.36342
2.36205
2.35260
2.34418
2.33679
2.32408
2.31446
2.30621
2.29865
2.29780
2.30003
2.30226
2.30742
2.31807
2.33250
2.34367
2.35346
2.36222
2.36995
2.37253
2.37665
2.37545
2.36480
2.36016
2.35140
2.33765
2.32717
2.31463
2.30621
2.29728
2.29350
2.28800
2.28749
2.29470
2.29350
2.30192
2.30982
2.32013
2.32700
2.33216
2.33954
2.34057
2.34762
2.34264
2.34332
2.33800
2.33542
2.32700
2.32357
2.31601
2.31137
2.30656
2.30346
2.30106
2.30089
2.30226
2.30037
2.30381
2.30432
2.30415
2.30707
2.30656
2.30913
2.30999
2.30570
2.30690
2.30759
2.30621
2.30604
2.30742
2.30501
2.30535
2.30415
2.30432
2.30656
2.30432
2.30467
2.30535
2.30020
2.30175
2.29986
2.29883
2.29642
2.29900
2.29539
2.29298
2.29041
2.29230
2.28732
2.28783
2.28886
2.29041
2.28817
2.28680
2.28920
2.28920
2.29264
2.28972
2.29213
2.29109
2.29264
2.29436
2.29350
2.29092
2.28783
2.28869
2.28800
2.28714
2.28216
2.28147
2.27787
2.27838
2.27718
2.27598
2.27598
2.27460
2.27666
2.27684
2.27426
2.27546
2.27340
2.27615
2.27718
2.27735
2.27701
2.27838
2.27872
2.27529
2.27615
2.27855
2.27752
2.27512
2.27220
2.27426
2.26842
2.26824
2.26481
2.26275
2.26326
2.26258
2.26189
2.26086
2.25931
2.25880
2.25965
2.26258
2.26051
2.26240
2.26206
2.26137
2.26343
2.26412
2.26275
2.26361
2.26240
2.26051
2.26343
2.26051
2.25742
2.25845
2.25313
2.25192
2.25364
2.25210
2.25141
2.24883
2.24917
2.25175
2.25244
2.25089
2.24677
2.24574
2.24763
2.24849
2.25227
2.25003
2.24265
2.24832
2.24866
2.24540
2.24677
2.24351
2.24333
2.24471
2.24471
2.24436
2.23801
2.24196
2.24230
2.23835
2.23749
2.23595
2.23835
2.23990
2.23423
2.23406
2.23320
2.23784
2.23646
2.23320
2.23320
2.23268
2.23268
2.23148
2.23406
2.23182
2.23406
2.23320
2.23079
2.23217
2.23010
2.23199
2.22873
2.22770
2.22821
2.22358
2.22375
2.22375
2.22409
2.22186
2.22358
2.22306
2.22237
2.22340
2.22358
2.22478
2.22083
2.21808
2.21688
2.21447
2.20949
2.20966
2.20708
2.20193
2.20537
2.20743
2.20657
2.21533
2.22409
2.22907
2.23509
2.23818
2.24505
2.24608
2.24385
2.23715
2.22598
2.21877
2.20640
2.19471
2.17582
2.16413
2.15331
2.14953
2.15039
2.14730
2.15520
2.17324
2.18990
2.20605
2.22684
2.24505
2.26378
2.27666
2.28233
2.27958
2.27563
2.26447
2.24471
2.22873
2.20004
2.17994
2.15674
2.13785
2.12359
2.11242
2.10555
2.10967
2.11723
2.12960
2.14592
2.16705
2.18870
2.20777
2.22976
2.24351
2.26086
2.26928
2.27048
2.26653
2.25776
2.24986
2.23371
2.21585
2.19763
2.17822
2.16224
2.14506
2.12908
2.11843
2.11397
2.11173
2.11431
2.12135
2.12943
2.14317
2.15881
2.17461
2.19196
2.20382
2.21739
2.22684
2.23148
2.23423
2.23148
2.22598
2.21791
2.20725
2.19437
2.18011
2.16826
2.15778
2.14678
2.13750
2.13596
2.12805
2.13063
2.13183
2.13750
2.14626
2.15176
2.15640
2.16379
2.16516
2.17307
2.17685
2.17874
2.17856
2.18131
2.18166
2.17874
2.17633
2.17564
2.17152
2.16894
2.16894
2.16293
2.16396
2.16173
2.16035
2.15640
2.15159
2.15022
2.14609
2.14317
2.13596
2.13647
2.13269
2.13252
2.13527
2.13699
2.13819
2.14145
2.15004
2.15142
2.15279
2.16052
2.16173
2.16499
2.17066
2.16637
2.16499
2.16190
2.16190
2.15743
2.14764
2.14472
2.14214
2.13390
2.12908
2.12788
2.12153
2.12479
2.12238
2.12771
2.12427
2.12891
2.12994
2.13750
2.13664
2.13956
2.14386
2.14438
2.14661
2.14833
2.14919
2.14695
2.14541
2.14317
2.13664
2.13561
2.13475
2.13269
2.12805
2.12393
2.12170
2.12032
2.11706
2.11826
2.11723
2.11534
2.11964
2.11929
2.12049
2.12238
2.12410
2.12599
2.12891
2.13080
2.13132
2.13115
2.12977
2.12977
2.12685
2.12513
2.12410
2.12221
2.12084
2.11654
2.11551
2.11156
2.10984
2.10967
2.10898
2.10898
2.10881
2.11001
2.11208
2.10847
2.11448
2.11242
2.11259
2.11414
2.11328
2.11654
2.11379
2.11448
2.11414
2.11208
2.11105
2.11001
2.10795
2.10658
2.10486
2.10331
2.10211
2.10142
2.10074
2.10022
2.10125
2.10074
2.09953
2.09988
2.10057
2.10263
2.10039
2.09885
2.10005
2.10039
2.09782
2.09816
2.09507
2.09558
2.09610
2.09610
2.09541
2.09438
2.09816
2.09713
2.09232
2.09060
2.09283
2.09094
2.09180
2.08991
2.09335
2.08631
2.08751
2.08854
2.08923
2.08596
2.08304
2.08270
2.08287
2.08201
2.08321
2.08459
2.08321
2.08665
2.08528
2.08235
2.08150
2.08235
2.08390
2.08201
2.08424
2.08304
2.08029
2.07978
2.08218
2.07737
2.07737
2.07823
2.07686
2.07445
2.07394
2.07428
2.07170
2.07102
2.06913
2.06930
2.06827
2.06741
2.07153
2.06947
2.07222
2.06998
2.07050
2.06913
2.07531
2.07050
2.06878
2.06706
2.06758
2.06775
2.06638
2.06638
2.06517
2.06397
2.06105
2.06122
2.05899
2.06054
2.06157
2.05882
2.05899
2.06002
2.06208
2.06260
2.06088
2.05916
2.05847
2.06139
2.05761
2.05641
2.05384
2.05057
2.05177
2.04713
2.04731
2.05074
2.05040
2.05538
2.05401
2.05968
2.06139
2.06517
2.06655
2.06689
2.06517
2.06586
2.06088
2.05384
2.04456
2.03803
2.03356
2.02377
2.01776
2.01140
2.00882
2.01106
2.01569
2.02119
2.02669
2.04043
2.05246
2.06432
2.07789
2.08321
2.08734
2.09283
2.09026
2.08373
2.07205
2.05830
2.04507
2.02669
2.01226
1.99920
1.98511
1.97721
1.97360
1.97566
1.97876
1.98632
2.00075
2.01518
2.03236
2.04439
2.06036
2.07187
2.08356
2.08596
2.08613
2.08132
2.07153
2.06346
2.05109
2.03889
2.02291
2.01363
2.00006
1.99439
1.98752
1.98185
1.97996
1.98116
1.98718
1.99096
1.99972
2.00625
2.01209
2.01982
2.02377
2.02824
2.03459
2.03992
2.03786
2.04215
2.04267
2.04147
2.03958
2.03614
2.03081
2.02841
2.02240
2.01707
2.00814
2.00298
2.00006
1.99302
1.98924
1.98769
1.98305
1.98202
1.98580
1.99010
1.99044
1.99577
2.00023
2.00831
2.01346
2.01947
2.02154
2.02085
2.02532
2.02583
2.02669
2.01810
2.01346
2.00865
2.00607
2.00126
1.99594
1.99113
1.98666
1.98563
1.98683
1.98786
1.98426
1.98254
1.98632
1.99164
1.99285
1.99096
1.99233
1.99422
1.99800
1.99645
1.99181
1.99336
1.99267
1.99559
1.99525
1.99336
1.99336
1.99267
1.99611
1.99731
1.99473
1.99491
1.99164
1.99439
1.99113
1.98666
1.98529
1.98529
1.98322
1.97910
1.97274
1.97395
1.97257
1.97274
1.96948
1.96828
1.97000
1.97515
1.98013
1.97635
1.98116
1.98254
1.98477
1.98907
1.98769
1.98546
1.98426
1.98357
1.98219
1.98305
1.97498
1.97171
1.97257
1.97171
1.96931
1.96347
1.96553
1.96622
1.96639
1.96776
1.96759
1.96690
1.96725
1.97085
1.96811
1.96759
1.96896
1.96914
1.96931
1.96587
1.96639
1.96656
1.96914
1.96433
1.96192
1.96398
1.96553
1.96467
1.96175
1.96072
1.96364
1.96209
1.96209
1.96020
1.95814
1.95539
1.95711
1.95831
1.95488
1.95196
1.95110
1.95367
1.95694
1.95367
1.95230
1.95419
1.95178
1.95763
1.95505
1.95178
1.95556
1.95677
1.95539
1.95419
1.95041
1.95041
1.94783
1.95196
1.94835
1.94457
1.94543
1.94405
1.94319
1.94337
1.94285
1.94027
1.94268
1.94251
1.94337
1.94165
1.94371
1.94766
1.94577
1.94491
1.94405
1.94405
1.94646
1.94182
1.94234
1.94148
1.93804
1.93375
1.93632
1.93375
1.93186
1.93151
1.93323
1.93460
1.93168
1.93254
1.93100
1.93495
1.93117
1.93048
1.93375
1.93563
1.93392
1.93495
1.93340
1.93203
1.93375
1.92945
1.92773
1.92808
1.92756
1.92722
1.92756
1.92430
1.92241
1.92120
1.92052
1.92275
1.92086
1.92206
1.92172
1.92223
1.92206
1.91845
1.92241
1.92086
1.92086
1.91845
1.91828
1.91897
1.92309
1.91914
1.91897
1.91674
1.91708
1.91485
1.91656
1.91502
1.91553
1.91364
1.91347
1.91347
1.91296
1.91004
1.91158
1.90849
1.91158
1.90866
1.90969
1.91090
1.90935
1.90815
1.90591
1.90694
1.90763
1.90626
1.90505
1.90677
1.90437
1.90231
1.90007
1.90316
1.90282
1.90488
1.90746
1.90643
1.90883
1.91107
1.91090
1.91364
1.91467
1.91021
1.90832
1.90557
1.90145
1.89629
1.88908
1.88255
1.87860
1.87585
1.87293
1.86880
1.87069
1.87757
1.88049
1.88787
1.89320
1.90471
1.91536
1.92069
1.92447
1.92533
1.92687
1.92378
1.91880
1.91158
1.90179
1.89423
1.88255
1.87276
1.86107
1.85317
1.85162
1.84716
1.84750
1.85214
1.86021
1.86588
1.87413
1.88031
1.88959
1.89732
1.90334
1.90660
1.90694
1.90574
1.90488
1.90385
1.90660
1.90179
1.90282
1.90574
1.90591
1.90574
1.90179
1.89217
1.88083
1.86605
1.84853
1.82998
1.80816
1.79596
1.78239
1.78153
1.78634
1.79733
1.81898
1.84664
1.88100
1.91828
1.95333
1.98855
2.00985
2.02068
2.02446
2.00968
1.98546
1.94904
1.89698
1.84595
1.79424
1.75078
1.71143
1.67793
1.66401
1.67278
1.69494
1.73274
1.77380
1.83324
1.89475
1.95058
1.99972
2.02703
2.04731
2.05418
2.04524
2.01827
1.98048
1.93340
1.88461
1.83513
1.78960
1.74837
1.71968
1.70061
1.69752
1.70404
1.71745
1.74631
1.78136
1.81898
1.85678
1.89320
1.92515
1.94663
1.95591
1.96175
1.95264
1.94354
1.92481
1.90231
1.88117
1.85162
1.83135
1.81125
1.79355
1.78565
1.78239
1.78256
1.78634
1.79562
1.80644
1.82345
1.83702
1.85317
1.86399
1.86898
1.87499
1.87585
1.87447
1.86520
1.85815
1.84698
1.83839
1.83152
1.82104
1.81383
1.81537
1.81348
1.81692
1.82328
1.82980
1.83547
1.84509
1.84853
1.85592
1.85901
1.86193
1.85592
1.85076
1.84252
1.83513
1.82774
1.81726
1.80919
1.80541
1.80146
1.80163
1.80386
1.80403
1.80919
1.82104
1.82465
1.83565
1.84217
1.84269
1.85162
1.85025
1.84956
1.84441
1.84046
1.83513
1.82740
1.81812
1.81228
1.80730
1.80317
1.80197
1.80094
1.79836
1.80317
1.80678
1.80799
1.81297
1.81726
1.82396
1.82620
1.82809
1.82860
1.82723
1.82620
1.82551
1.82293
1.81623
1.81383
1.81314
1.80833
1.80541
1.80403
1.80214
1.80421
1.80214
1.80489
1.80472
1.80524
1.80816
1.80919
1.81091
1.81108
1.80953
1.81073
1.80850
1.80867
1.80850
1.80644
1.80352
1.80008
1.80094
1.80232
1.79974
1.79733
1.79407
1.79768
1.79974
1.79665
1.79785
1.80043
1.80043
1.80060
1.80008
1.80180
1.79871
1.80043
1.79991
1.79785
1.79390
1.79613
1.79424
1.79355
1.79149
1.79201
1.78857
1.78737
1.78496
1.78840
1.78651
1.78874
1.78874
1.78668
1.78874
1.79046
1.79458
1.79493
1.79407
1.79166
1.79493
1.79098
1.79098
1.79029
1.78737
1.78874
1.78668
1.78514
1.78307
1.78015
1.77947
1.77775
1.77534
1.77809
1.77466
1.78033
1.77792
1.77844
1.77809
1.77998
1.78445
1.78410
1.78153
1.78204
1.78170
1.78101
1.78118
1.77672
1.77414
1.77603
1.77259
1.77277
1.77019
1.76881
1.77088
1.77242
1.77088
1.76727
1.77191
1.77242
1.77002
1.77105
1.76950
1.76881
1.77362
1.77122
1.76985
1.76899
1.76899
1.76555
1.76830
1.76658
1.76692
1.76864
1.76658
1.76744
1.77105
1.76950
1.77036
1.76675
1.76486
1.76263
1.76057
1.76177
1.75627
1.75438
1.75129
1.74751
1.74803
1.75026
1.75043
1.75335
1.75576
1.75937
1.75885
1.76246
1.76933
1.77345
1.77380
1.77328
1.76796
1.76761
1.76229
1.75868
1.75748
1.75163
1.74614
1.74201
1.74064
1.73583
1.73102
1.73583
1.73325
1.73548
1.73806
1.74133
1.74287
1.74854
1.75249
1.75644
1.75730
1.76280
1.76160
1.76555
1.76366
1.76126
1.75473
1.75026
1.74150
1.73480
1.73050
1.72827
1.72415
1.72329
1.72552
1.73016
1.73531
1.74236
1.75078
1.75765
1.76126
1.76418
1.76813
1.76366
1.75765
1.74614
1.73669
1.72208
1.71092
1.69666
1.68704
1.68051
1.67553
1.67724
1.68377
1.69305
1.71040
1.72999
1.75215
1.77088
1.79355
1.81073
1.82225
1.82843
1.82413
1.81417
1.79957
1.77947
1.74940
1.71830
1.69271
1.66505
1.63584
1.61677
1.59701
1.59392
1.59512
1.60680
1.62759
1.65371
1.69374
1.73205
1.77088
1.80919
1.83839
1.86279
1.87688
1.88186
1.87224
1.85231
1.81932
1.78514
1.74270
1.70215
1.66024
1.62261
1.59306
1.57347
1.56403
1.56626
1.57811
1.59976
1.63429
1.67089
1.71178
1.74751
1.78307
1.81022
1.82517
1.83307
1.82877
1.81829
1.79785
1.77036
1.74098
1.71573
1.69339
1.66573
1.64769
1.64031
1.64082
1.63910
1.65061
1.66419
1.67879
1.69545
1.71143
1.72604
1.73342
1.74287
1.73823
1.73480
1.72964
1.71796
1.70800
1.69563
1.68377
1.67948
1.67638
1.67535
1.67398
1.67896
1.69116
1.69941
1.71160
1.71504
1.72311
1.73102
1.72930
1.72707
1.72157
1.71538
1.71057
1.69975
1.68755
1.67810
1.67037
1.66453
1.66024
1.66024
1.66625
1.66505
1.67226
1.68119
1.68790
1.69700
1.70198
1.70920
1.71212
1.71452
1.71040
1.71023
1.70782
1.70267
1.69700
1.68996
1.68412
1.67948
1.67621
1.67312
1.67003
1.67175
1.67312
1.67140
1.67827
1.67535
1.68068
1.68412
1.68669
1.68686
1.68686
1.68893
1.68686
1.68635
1.68205
1.67879
1.67982
1.67776
1.67432
1.67398
1.67621
1.67123
1.67278
1.67724
1.67501
1.67724
1.67724
1.67948
1.68257
1.68102
1.68068
1.67673
1.67845
1.67467
1.67535
1.67106
1.66917
1.66848
1.66539
1.66522
1.66384
1.66230
1.66350
1.66539
1.66401
1.66505
1.66676
1.66779
1.66865
1.66934
1.66900
1.67226
1.67020
1.67175
1.67106
1.66711
1.66573
1.66436
1.66212
1.66230
1.66195
1.66024
1.65835
1.66092
1.65835
1.65783
1.66144
1.65766
1.65646
1.66075
1.66178
1.65835
1.65697
1.65800
1.65766
1.66006
1.65594
1.65491
1.65714
1.65714
1.65405
1.65164
1.65560
1.65164
1.65594
1.65405
1.65216
1.65388
1.65130
1.65268
1.65353
1.65199
1.65147
1.64993
1.64666
1.64580
1.64632
1.64872
1.64340
1.64477
1.64065
1.64529
1.64666
1.64323
1.64735
1.64288
1.64649
1.64632
1.64477
1.64460
1.64305
1.64632
1.64254
1.64134
1.64254
1.64082
1.64460
1.64323
1.64082
1.64134
1.64220
1.64357
1.64099
1.63790
1.63807
1.63945
1.64220
1.63361
1.63343
1.63378
1.63223
1.63103
1.62725
1.63086
1.62759
1.62880
1.62948
1.63240
1.63481
1.63498
1.64168
1.63704
1.64048
1.64340
1.64305
1.64237
1.64048
1.63739
1.63361
1.62983
1.62605
1.61814
1.61591
1.61660
1.61350
1.61110
1.60938
1.61316
1.61986
1.61917
1.62072
1.62398
1.63017
1.63412
1.63446
1.63618
1.64048
1.64048
1.63893
1.63481
1.63051
1.62570
1.62175
1.61574
1.61024
1.60113
1.60165
1.60199
1.59615
1.59598
1.60182
1.60835
1.61780
1.62347
1.63206
1.63910
1.64855
1.65216
1.64993
1.64460
1.63790
1.62570
1.61213
1.59925
1.58550
1.57313
1.56214
1.55286
1.55595
1.55990
1.56970
1.58756
1.60612
1.62295
1.64305
1.65938
1.67621
1.68326
1.68257
1.67862
1.66711
1.64718
1.62983
1.59976
1.57536
1.55664
1.53877
1.52382
1.52004
1.52279
1.52812
1.54083
1.55887
1.58052
1.60285
1.62673
1.64546
1.65869
1.67003
1.67329
1.67157
1.66573
1.65027
1.63601
1.62124
1.60251
1.59048
1.57760
1.56214
1.55526
1.54925
1.54788
1.54839
1.55681
1.56214
1.56643
1.57743
1.58670
1.59409
1.59907
1.60801
1.61265
1.61385
1.61917
1.61625
1.61402
1.61436
1.61230
1.60869
1.60509
1.59993
1.59272
1.58773
1.58413
1.58086
1.57536
1.57416
1.56970
1.56626
1.56884
1.56677
1.56746
1.57124
1.57210
1.57330
1.57897
1.57949
1.58430
1.58344
1.58653
1.59083
1.59289
1.59443
1.59375
1.59512
1.59306
1.59306
1.58722
1.58567
1.58327
1.57932
1.57399
1.56935
1.57107
1.56695
1.56763
1.56592
1.56403
1.56592
1.56712
1.56574
1.56832
1.57073
1.57262
1.57588
1.57313
1.57536
1.58035
1.57914
1.57743
1.57605
1.57571
1.57433
1.57193
1.56884
1.56746
1.56609
1.56403
1.56488
1.56128
1.56299
1.56592
1.56574
1.56643
1.56557
1.56729
1.56849
1.56935
1.56506
1.56351
1.56437
1.56454
1.56248
1.56042
1.55681
1.55664
1.55715
1.55544
1.55423
1.55578
1.55922
1.55836
1.56162
1.56162
1.56420
1.56299
1.56677
1.56523
1.56317
1.56162
1.56265
1.56231
1.55509
1.55406
1.55303
1.54942
1.55045
1.54839
1.54685
1.54461
1.54770
1.55200
1.55458
1.55062
1.54839
1.55028
1.55698
1.55578
1.55337
1.55200
1.55217
1.55234
1.55320
1.54856
1.54650
1.54736
1.54994
1.54616
1.54392
1.54272
1.54444
1.54341
1.54427
1.54203
1.54221
1.54375
1.54461
1.54324
1.54444
1.54496
1.54478
1.54392
1.54444
1.54444
1.54203
1.54049
1.54049
1.53808
1.53826
1.54083
1.54238
1.54066
1.53791
1.53808
1.54135
1.53946
1.53894
1.53619
1.53671
1.53722
1.53791
1.53791
1.53396
1.53362
1.53499
1.53551
1.53310
1.53155
1.53207
1.53052
1.53087
1.53087
1.53087
1.53070
1.53241
1.53207
1.53241
1.53052
1.53327
1.53602
1.53173
1.53018
1.53259
1.52932
1.53293
1.52726
1.52537
1.52382
1.52434
1.52657
1.52537
1.52176
1.52331
1.52726
1.52537
1.52640
1.52331
1.52400
1.52692
1.52434
1.52348
1.52090
1.51953
1.52314
1.51970
1.51850
1.52090
1.51420
1.51575
1.51678
1.51764
1.51764
1.52159
1.52142
1.52056
1.52090
1.52314
1.52382
1.51901
1.51867
1.51575
1.51867
1.51609
1.51077
1.50991
1.50699
1.50974
1.50733
1.50510
1.50750
1.50785
1.50682
1.50939
1.51145
1.51008
1.51317
1.51214
1.51575
1.51712
1.51420
1.51472
1.51420
1.51403
1.51386
1.51180
1.51008
1.50682
1.50527
1.50115
1.50097
1.49513
1.49307
1.48912
1.49015
1.49238
1.49307
1.49651
1.50166
1.50785
1.51403
1.51781
1.52073
1.52331
1.52589
1.52331
1.51867
1.51042
1.50372
1.49479
1.49135
1.48122
1.47056
1.46627
1.46026
1.46472
1.46885
1.47589
1.48637
1.49582
1.50767
1.52090
1.52606
1.53499
1.53705
1.53465
1.53293
1.52262
1.51128
1.49530
1.48482
1.46644
1.45407
1.44857
1.44136
1.43981
1.44308
1.45218
1.46696
1.48293
1.49479
1.50922
1.51987
1.53293
1.53516
1.53688
1.53087
1.52090
1.51437
1.49771
1.47984
1.46850
1.45596
1.44583
1.43895
1.43912
1.44136
1.44840
1.46026
1.46713
1.48276
1.49702
1.50767
1.51180
1.51386
1.51420
1.51420
1.50596
1.49530
1.48706
1.47761
1.46575
1.45871
1.45270
1.45390
1.45356
1.45545
1.46386
1.47142
1.47727
1.48276
1.48929
1.48998
1.49067
1.48792
1.48723
1.47967
1.47177
1.46593
1.45871
1.45373
1.44909
1.44892
1.45270
1.45613
1.46249
1.47469
1.48019
1.48689
1.49152
1.49805
1.49926
1.49513
1.48981
1.48328
1.47589
1.46318
1.45562
1.44686
1.44308
1.43792
1.43414
1.43449
1.44290
1.44479
1.45253
1.46352
1.47005
1.47589
1.48276
1.48551
1.48843
1.48689
1.48414
1.47933
1.47228
1.46593
1.45940
1.45270
1.44668
1.44273
1.44119
1.44119
1.44187
1.44462
1.44737
1.45064
1.45716
1.46112
1.45957
1.46215
1.46197
1.46507
1.46215
1.45905
1.45751
1.45820
1.45390
1.45253
1.44875
1.44583
1.44686
1.44686
1.44565
1.44703
1.45012
1.44909
1.44875
1.45218
1.45184
1.45373
1.45132
1.44978
1.44857
1.44634
1.44875
1.44686
1.44445
1.44479
1.44497
1.44273
1.44290
1.44239
1.44187
1.44342
1.44445
1.44256
1.44462
1.44926
1.44634
1.44479
1.44479
1.44617
1.44428
1.44376
1.44050
1.44016
1.43912
1.43844
1.43603
1.43930
1.43603
1.43689
1.43620
1.43483
1.43431
1.43552
1.43706
1.43724
1.43792
1.43878
1.43964
1.43758
1.43844
1.43809
1.43603
1.43792
1.43397
1.43242
1.43346
1.43260
1.43294
1.43449
1.42779
1.42710
1.43088
1.42864
1.42950
1.42847
1.43191
1.43122
1.42968
1.42710
1.43105
1.42899
1.43225
1.42950
1.42899
1.42847
1.42779
1.42847
1.43088
1.42864
1.42693
1.42418
1.42590
1.42418
1.42418
1.42401
1.42401
1.42194
1.41971
1.42091
1.42126
1.42040
1.41851
1.42023
1.41920
1.41834
1.42023
1.42177
1.42383
1.41971
1.41817
1.42143
1.42246
1.41782
1.41490
1.41748
1.41920
1.41782
1.41971
1.41421
1.41713
1.41507
1.41765
1.41198
1.41421
1.41353
1.41353
1.41078
1.41353
1.41198
1.41095
1.41301
1.41387
1.41439
1.41439
1.41318
1.41129
1.41250
1.41232
1.41146
1.40957
1.41043
1.41232
1.40975
1.40940
1.40665
1.40631
1.40305
1.40700
1.40322
1.40236
1.40167
1.40322
1.40459
1.40511
1.40459
1.40631
1.40425
1.40631
1.40751
1.40889
1.40923
1.40648
1.40717
1.40614
1.40425
1.40391
1.40270
1.40116
1.39858
1.39617
1.39635
1.39549
1.39188
1.39239
1.39102
1.38827
1.39102
1.39394
1.39514
1.39806
1.40167
1.40270
1.40580
1.40872
1.41215
1.41095
1.40872
1.40854
1.40614
1.39721
1.39257
1.38398
1.37934
1.37332
1.37143
1.36388
1.36766
1.36937
1.37332
1.37813
1.38741
1.39480
1.40545
1.41129
1.41954
1.42160
1.42040
1.41988
1.41198
1.40580
1.39325
1.38312
1.37247
1.36697
1.35443
1.35425
1.35099
1.35477
1.35855
1.36336
1.37298
1.37968
1.39016
1.40270
1.40339
1.40957
1.41164
1.41232
1.40940
1.40356
1.39566
1.38879
1.37848
1.37212
1.36439
1.35614
1.35511
1.35477
1.35477
1.35546
1.36078
1.36422
1.37367
1.37745
1.38501
1.39085
1.39686
1.39566
1.39738
1.39514
1.39343
1.39016
1.38432
1.38191
1.37831
1.36886
1.36405
1.36095
1.35735
1.35649
1.35666
1.35700
1.35683
1.35941
1.36319
1.36525
1.36714
1.36954
1.37470
1.37848
1.37796
1.38140
1.37917
1.38209
1.37985
1.37521
1.37161
1.36886
1.36851
1.36611
1.36439
1.35718
1.35906
1.35786
1.36027
1.35632
1.35821
1.35889
1.36267
1.35683
1.35889
1.35855
1.36491
1.36319
1.36302
1.36456
1.36250
1.36645
1.36456
1.36078
1.36130
1.36353
1.36336
1.36044
1.35769
1.35786
1.35941
1.35855
1.35563
1.35614
1.35563
1.35546
1.35425
1.35116
1.35219
1.35168
1.35580
1.35013
1.35254
1.35735
1.35202
1.35408
1.35340
1.35099
1.35563
1.35219
1.35133
1.35236
1.35529
1.35391
1.35322
1.35219
1.34858
1.34996
1.35030
1.34979
1.34721
1.34618
1.34532
1.34498
1.34566
1.34635
1.34858
1.34687
1.34652
1.34670
1.34687
1.34549
1.34858
1.34841
1.34498
1.34549
1.34395
1.34274
1.34240
1.34103
1.34292
1.34137
1.34206
1.34085
1.34120
1.33810
1.34051
1.34051
1.33725
1.34137
1.33931
1.33982
1.33862
1.34051
1.33810
1.33622
1.33776
1.33639
1.33639
1.33398
1.33398
1.33656
1.33450
1.33725
1.33896
1.33793
1.33828
1.33862
1.33931
1.33622
1.33742
1.33536
1.33707
1.33244
1.33106
1.33192
1.32934
1.32917
1.32642
1.32608
1.32522
1.32677
1.32556
1.32677
1.32831
1.32934
1.33072
1.32951
1.33312
1.33123
1.32917
1.32986
1.32969
1.33209
1.32780
1.32917
1.32385
1.32402
1.32625
1.32299
1.32230
1.32230
1.32058
1.32144
1.32230
1.32144
1.32299
1.32041
1.32058
1.32075
1.32127
1.32075
1.32453
1.31938
1.32144
1.32196
1.32110
1.32024
1.32007
1.32299
1.32110
1.32178
1.31903
1.31818
1.31680
1.31560
1.31869
1.31749
1.31251
1.31285
1.31319
1.31371
1.31233
1.31182
1.31199
1.31577
1.31440
1.31337
1.31388
1.31371
1.31680
1.31457
1.31560
1.31629
1.31337
1.31508
1.31388
1.31216
1.30752
1.31010
1.30752
1.30546
1.30752
1.30684
1.30426
1.30443
1.30649
1.30735
1.30804
1.30649
1.30752
1.30890
1.30993
1.31096
1.30890
1.30890
1.30409
1.30701
1.30684
1.30271
1.29773
1.29979
1.30203
1.30512
1.30185
1.30134
1.30134
1.30254
1.30409
1.30151
1.29704
1.29893
1.29807
1.29584
1.29807
1.29447
1.29722
1.29790
1.29825
1.29945
1.30357
1.30289
1.30546
1.30787
1.31268
1.31130
1.30770
1.30306
1.30185
1.29825
1.29481
1.28553
1.28021
1.27540
1.27797
1.27608
1.27024
1.27351
1.28141
1.28794
1.29292
1.29859
1.30203
1.31233
1.31749
1.32024
1.31800
1.31474
1.31113
1.30615
1.29498
1.28399
1.27780
1.27024
1.26423
1.25890
1.25719
1.26045
1.26286
1.27196
1.27746
1.28588
1.29584
1.30443
1.30855
1.31354
1.31285
1.31285
1.30289
1.29739
1.29052
1.28244
1.27866
1.27179
1.26492
1.26698
1.26938
1.26784
1.26956
1.27248
1.27746
1.27815
1.27883
1.27763
1.27419
1.27282
1.26973
1.26818
1.26938
1.27368
1.27763
1.28416
1.28828
1.29859
1.30512
1.31182
1.31337
1.31422
1.31199
1.30392
1.29430
1.28004
1.26131
1.24619
1.23073
1.21389
1.20702
1.20530
1.20358
1.20977
1.22746
1.24688
1.27454
1.29430
1.31646
1.33364
1.34841
1.35597
1.35872
1.34876
1.33639
1.32196
1.30357
1.27471
1.25049
1.22695
1.20839
1.19551
1.18280
1.17953
1.18142
1.19001
1.20788
1.22660
1.25134
1.27643
1.29653
1.31577
1.33037
1.33845
1.34154
1.33896
1.33140
1.31508
1.30048
1.28536
1.26303
1.24310
1.22729
1.21578
1.20805
1.20376
1.19998
1.20633
1.21698
1.23021
1.24516
1.25753
1.27196
1.28588
1.29430
1.29533
1.29704
1.29137
1.28845
1.27969
1.26767
1.25856
1.24739
1.24241
1.23726
1.22884
1.22970
1.23142
1.23520
1.24379
1.25049
1.25512
1.26475
1.27041
1.27746
1.27540
1.27488
1.27007
1.26268
1.25890
1.25186
1.24018
1.23571
1.22901
1.22712
1.22626
1.22729
1.22832
1.23365
1.24275
1.24860
1.25169
1.25770
1.26475
1.26732
1.26956
1.26715
1.26595
1.26148
1.25736
1.24877
1.24653
1.23846
1.23348
1.23073
1.22884
1.22712
1.22678
1.22815
1.23107
1.23726
1.23571
1.23915
1.24619
1.24911
1.25134
1.25220
1.24945
1.24739
1.24722
1.24688
1.24293
1.23829
1.23434
1.23365
1.23605
1.23434
1.23245
1.23073
1.23313
1.23451
1.23657
1.23760
1.23726
1.24035
1.23983
1.24018
1.24069
1.23605
1.23691
1.23399
1.23399
1.23056
1.23073
1.22678
1.22729
1.22746
1.22764
1.22935
1.22849
1.23073
1.23331
1.23537
1.23623
1.23880
1.23623
1.23399
1.23485
1.23331
1.23073
1.22953
1.22884
1.22712
1.22712
1.22351
1.22145
1.21990
1.22386
1.22145
1.22231
1.22351
1.22197
1.22145
1.22557
1.22454
1.23004
1.22626
1.22832
1.22592
1.22729
1.22764
1.22592
1.22609
1.22489
1.22540
1.22179
1.22386
1.22197
1.21939
1.21801
1.21698
1.21561
1.21681
1.21716
1.21475
1.21527
1.21630
1.21475
1.21509
1.21819
1.21458
1.22025
1.21767
1.22025
1.21956
1.21887
1.21819
1.21887
1.22128
1.21801
1.21750
1.21561
1.21681
1.21252
1.21355
1.20925
1.20702
1.20977
1.21063
1.20994
1.20925
1.20839
1.20908
1.21235
1.21063
1.21269
1.21320
1.21063
1.21372
1.20736
1.21046
1.20857
1.20942
1.20925
1.20496
1.20547
1.20496
1.20496
1.20771
1.20839
1.20685
1.20994
1.21131
1.21080
1.20977
1.20925
1.20942
1.20822
1.20582
1.19877
1.19894
1.19809
1.19534
1.19087
1.19139
1.19121
1.19070
1.19585
1.19757
1.20341
1.20685
1.21424
1.21458
1.21990
1.21698
1.21681
1.21492
1.21320
1.20736
1.20015
1.19688
1.19087
1.18520
1.17919
1.17713
1.17902
1.18039
1.18280
1.18417
1.18881
1.19620
1.20066
1.20376
1.21028
1.21320
1.21733
1.21458
1.21011
1.20839
1.20358
1.19517
1.18846
1.18280
1.17747
1.17661
1.17249
1.17300
1.17146
1.18005
1.18486
1.19190
1.19998
1.20513
1.21320
1.21801
1.22042
1.21647
1.21131
1.20908
1.19809
1.18520
1.17163
1.16269
1.15221
1.14277
1.13555
1.13469
1.13847
1.14448
1.15960
1.18073
1.19740
1.21887
1.23708
1.25598
1.26767
1.27179
1.26732
1.25719
1.24155
1.21853
1.18812
1.16063
1.13177
1.10755
1.08555
1.07301
1.06408
1.06459
1.07868
1.10050
1.13091
1.16596
1.20238
1.23485
1.27024
1.29103
1.30357
1.30667
1.30237
1.29034
1.26251
1.23382
1.19637
1.16424
1.13040
1.10394
1.07937
1.06820
1.05497
1.06477
1.07525
1.09363
1.11803
1.14551
1.17558
1.20187
1.22678
1.24379
1.25323
1.25701
1.25684
1.24396
1.22970
1.21200
1.18967
1.17627
1.15840
1.14139
1.13143
1.12576
1.12266
1.12335
1.12662
1.13521
1.14654
1.15548
1.16458
1.17730
1.18194
1.18469
1.19104
1.19035
1.18864
1.18056
1.17558
1.17214
1.16441
1.15977
1.15496
1.15221
1.14672
1.14843
1.14947
1.15221
1.16115
1.15995
1.16630
1.17300
1.17713
1.17884
1.17472
1.17987
1.17609
1.17060
1.17077
1.16252
1.15874
1.15617
1.14861
1.14500
1.14070
1.14002
1.14259
1.14380
1.14225
1.14998
1.15136
1.15995
1.15995
1.16407
1.16871
1.17163
1.17163
1.17043
1.16922
1.16957
1.16596
1.16373
1.15788
1.15479
1.15153
1.14843
1.14569
1.14156
1.14053
1.14397
1.14620
1.14277
1.14569
1.14792
1.15118
1.15342
1.14964
1.15479
1.15617
1.15599
1.15325
1.15204
1.15256
1.15136
1.15118
1.14861
1.14654
1.14775
1.14964
1.14706
1.14758
1.14826
1.14895
1.14723
1.14843
1.14740
1.14947
1.14929
1.14895
1.14689
1.14277
1.14500
1.13984
1.14225
1.14277
1.13864
1.13675
1.13864
1.14088
1.13710
1.13641
1.13933
1.13899
1.14053
1.14431
1.14586
1.14586
1.14929
1.14689
1.14740
1.14672
1.14483
1.14328
1.14139
1.14088
1.13899
1.13864
1.13521
1.13143
1.13160
1.13211
1.13057
1.12971
1.13177
1.13160
1.13469
1.13538
1.13658
1.13744
1.13916
1.14070
1.14002
1.14088
1.14173
1.13967
1.13899
1.13675
1.13435
1.13349
1.13074
1.13057
1.13194
1.12868
1.12541
1.12679
1.12851
1.12438
1.12473
1.12438
1.12765
1.12851
1.12816
1.12851
1.12833
1.13074
1.13177
1.13332
1.13194
1.12954
1.12971
1.13143
1.12833
1.12833
1.12730
1.12370
1.12782
1.12490
1.12215
1.12146
1.12095
1.12215
1.11820
1.12129
1.12060
1.11992
1.12077
1.12284
1.12593
1.12490
1.13057
1.12936
1.12799
1.12919
1.12730
1.12249
1.12627
1.12163
1.12215
1.11545
1.11218
1.11115
1.10926
1.11029
1.10875
1.11029
1.10806
1.11184
1.11682
1.12387
1.12181
1.12765
1.13125
1.13005
1.13177
1.13246
1.13091
1.12524
1.12335
1.11425
1.11356
1.10566
1.10102
1.09621
1.09827
1.09603
1.09775
1.10119
1.10274
1.10755
1.11253
1.12112
1.12524
1.12679
1.12833
1.13057
1.13091
1.12730
1.12352
1.11820
1.11150
1.10548
1.10188
1.09483
1.09054
1.08796
1.08641
1.08848
1.09226
1.09758
1.10566
1.11631
1.12249
1.12833
1.13418
1.13400
1.13383
1.12833
1.11992
1.11081
1.10274
1.09174
1.08470
1.07319
1.06683
1.06666
1.06597
1.07319
1.08143
1.09535
1.10205
1.11734
1.12885
1.13710
1.14861
1.14998
1.14328
1.13899
1.13400
1.12009
1.10634
1.08813
1.07439
1.06322
1.05412
1.05051
1.04535
1.05119
1.05515
1.06769
1.08590
1.09552
1.10789
1.12507
1.13744
1.14448
1.14706
1.14466
1.14569
1.13967
1.12438
1.10944
1.09810
1.07765
1.06271
1.05308
1.04467
1.04106
1.04243
1.04157
1.04965
1.06271
1.07645
1.09105
1.10136
1.12026
1.13400
1.14036
1.14294
1.14002
1.13778
1.12696
1.11734
1.09896
1.08624
1.07147
1.06150
1.05412
1.04449
1.04003
1.04381
1.04759
1.05360
1.06511
1.07782
1.08676
1.10308
1.11167
1.11957
1.12181
1.12181
1.11906
1.11133
1.10445
1.09380
1.08555
1.07834
1.06477
1.06356
1.05978
1.05841
1.05583
1.06219
1.07456
1.07611
1.08315
1.08882
1.09603
1.09844
1.10102
1.09741
1.09724
1.09432
1.08762
1.08057
1.07542
1.06786
1.06322
1.06133
1.06030
1.06047
1.06185
1.06631
1.07473
1.08040
1.08641
1.08830
1.09655
1.09741
1.09878
1.09689
1.09397
1.09002
1.08452
1.07576
1.06855
1.06339
1.05910
1.05429
1.05600
1.05343
1.05463
1.05910
1.06322
1.06580
1.07370
1.07559
1.08074
1.08624
1.08659
1.08779
1.08504
1.08607
1.08178
1.07765
1.07525
1.06683
1.06631
1.06202
1.05789
1.05721
1.05463
1.05583
1.05875
1.05875
1.06236
1.06425
1.06614
1.07267
1.07164
1.07164
1.07267
1.07336
1.07404
1.07250
1.06769
1.06803
1.06528
1.06064
1.06047
1.05961
1.05996
1.05738
1.06013
1.05772
1.05738
1.05978
1.06356
1.06477
1.06545
1.06391
1.06614
1.06958
1.06855
1.06511
1.05944
1.06167
1.06047
1.05978
1.05704
1.05463
1.05412
1.05360
1.05618
1.05240
1.05291
1.05549
1.05824
1.05497
1.05515
1.05635
1.05686
1.05893
1.05721
1.05927
1.05996
1.05789
1.05755
1.05583
1.05412
1.05274
1.05223
1.05291
1.05240
1.05102
1.05016
1.05326
1.05188
1.05154
1.05274
1.05257
1.05171
1.05154
1.05240
1.05223
1.05119
1.05068
1.05085
1.05257
1.05034
1.05171
1.04982
1.04999
1.05188
1.04793
1.04656
1.05102
1.04965
1.04999
1.04449
1.04690
1.05034
1.05034
1.04673
1.04535
1.04673
1.04741
1.04449
1.04621
1.04157
1.04278
1.04381
1.04449
1.04295
1.04106
1.04690
1.04432
1.04948
1.04638
1.04621
1.04518
1.04209
1.04226
1.04123
1.03986
1.03865
1.03848
1.03693
1.03264
1.03573
1.03487
1.04037
1.03522
1.04089
1.04157
1.04415
1.04364
1.04845
1.04656
1.04776
1.04913
1.04518
1.04175
1.04209
1.03590
1.03573
1.03264
1.02852
1.02749
1.02663
1.02920
1.02783
1.02783
1.02800
1.03281
1.03676
1.03882
1.03831
1.04089
1.04140
1.04415
1.04157
1.04106
1.03745
1.03676
1.03608
1.03298
1.02852
1.02611
1.02560
1.02456
1.02061
1.02164
1.02113
1.02216
1.03041
1.02989
1.02955
1.03384
1.03659
1.03711
1.03693
1.04020
1.03797
1.03590
1.03281
1.02834
1.02508
1.02388
1.01975
1.01907
1.01735
1.01786
1.01580
1.01769
1.02164
1.02216
1.02645
1.02869
1.03109
1.03487
1.03298
1.03178
1.03316
1.02834
1.02731
1.02800
1.02697
1.02285
1.02010
1.01855
1.01804
1.01512
1.01529
1.01597
1.01993
1.02044
1.01958
1.02233
1.02216
1.02233
1.01941
1.02027
1.02096
1.01975
1.01666
1.01890
1.01993
1.01718
1.01649
1.01323
1.01838
1.01752
1.01460
1.01769
1.01718
1.01615
1.01615
1.01855
1.01786
1.02113
1.01993
1.01993
1.02044
1.01958
1.01752
1.02233
1.01735
1.01735
1.01632
1.01013
1.00773
1.00481
1.00326
0.99983
1.00240
0.99965
0.99639
1.00086
1.00532
1.00653
1.01048
1.01099
1.01357
1.01993
1.02353
1.02491
1.02817
1.02594
1.02233
1.01958
1.01529
1.01237
1.00910
1.00429
1.00206
0.99879
0.99484
0.99467
0.99055
0.99330
0.99261
0.99708
0.99759
0.99965
1.00498
1.00721
1.01065
1.01254
1.01271
1.01460
1.01460
1.00996
1.00962
1.01082
1.00704
1.00859
1.00584
1.00515
1.00120
1.00103
0.99965
0.99776
0.99673
0.99965
1.00068
0.99914
1.00034
1.00000
1.00000
0.99862
0.99897
0.99759
0.99673
0.99450
0.99364
0.99450
0.99347
0.99347
0.99605
0.99501
0.99879
1.00068
1.00120
1.00653
1.00361
1.00567
1.00687
1.00687
1.00361
1.00361
1.00086
0.99897
0.99416
0.99227
0.98746
0.98333
0.98350
0.98368
0.98179
0.98041
0.98436
0.98608
0.99003
0.99175
0.99158
0.99622
0.99742
1.00240
1.00429
0.99742
0.99931
0.99914
0.99656
0.99519
0.99330
0.98935
0.98350
0.98591
0.98471
0.98419
0.98368
0.97852
0.98230
0.98574
0.98883
0.98986
0.98557
0.98728
0.98935
0.99158
0.99089
0.98849
0.98539
0.98763
0.98746
0.98917
0.98677
0.98419
0.98282
0.98402
0.98574
0.98660
0.98144
0.98093
0.98299
0.98660
0.98247
0.98179
0.98093
0.98024
0.97972
0.97835
0.98041
0.98007
0.97869
0.98110
0.98093
0.98282
0.98058
0.98350
0.98127
0.98316
0.97955
0.98058
0.98299
0.97921
0.97972
0.97749
0.97491
0.97646
0.97732
0.97560
0.97698
0.97302
0.97646
0.97921
0.97491
0.97423
0.97749
0.97680
0.97801
0.97474
0.97646
0.97509
0.97285
0.97594
0.97560
0.97320
0.97268
0.97182
0.97302
0.97045
0.97148
0.97251
0.97217
0.97646
0.97113
0.97165
0.97285
0.97766
0.97629
0.97371
0.97148
0.97577
0.97320
0.97526
0.97062
0.96581
0.96615
0.96770
0.96546
0.96237
0.96117
0.96031
0.96598
0.96323
0.96529
0.96667
0.96839
0.97474
0.97320
0.97663
0.97491
0.97268
0.97251
0.97199
0.97182
0.96976
0.96478
0.95980
0.96186
0.95945
0.95464
0.95103
0.95275
0.95430
0.95310
0.95705
0.95894
0.96014
0.96237
0.96701
0.96821
0.97388
0.97423
0.97217
0.97405
0.97217
0.97148
0.96512
0.96203
0.95842
0.95602
0.94897
0.94897
0.94605
0.94485
0.94708
0.94743
0.94863
0.95378
0.95498
0.96083
0.96581
0.96632
0.97010
0.97010
0.97062
0.97199
0.96907
0.96100
0.95876
0.95430
0.95052
0.94725
0.94313
0.93952
0.93763
0.93815
0.94244
0.94090
0.94725
0.95086
0.95670
0.95773
0.96306
0.96512
0.96821
0.96890
0.96478
0.96357
0.96117
0.95722
0.95378
0.95224
0.94880
0.94536
0.94193
0.94399
0.93969
0.94073
0.94279
0.94605
0.94365
0.94399
0.94450
0.94794
0.94966
0.94708
0.94605
0.95000
0.94828
0.94846
0.94846
0.94743
0.94777
0.95258
0.95035
0.94828
0.94914
0.95344
0.95258
0.95189
0.95103
0.94949
0.94863
0.94725
0.94382
0.94227
0.93798
0.93506
0.93488
0.93351
0.93385
0.93334
0.93763
0.93643
0.93901
0.93918
0.94004
0.94296
0.94657
0.94674
0.94588
0.94846
0.94828
0.94880
0.94571
0.94622
0.94330
0.94382
0.94279
0.94141
0.93884
0.93832
0.93729
0.93695
0.93609
0.93695
0.93231
0.92990
0.92990
0.93282
0.93128
0.92750
0.92836
0.92801
0.92939
0.93059
0.93351
0.93299
0.93677
0.94004
0.94433
0.94485
0.94605
0.94725
0.94536
0.94639
0.94330
0.93969
0.93557
0.93282
0.93042
