0.00758
0.00526
0.00449
0.00698
0.00620
0.00904
0.01016
0.00878
0.00870
0.00741
0.00749
0.00955
0.00861
0.01016
0.00947
0.00801
0.00758
0.00955
0.00663
0.00912
0.00689
0.00809
0.00861
0.00698
0.00681
0.00766
0.00655
0.00612
0.00638
0.00620
0.00595
0.00509
0.00552
0.00569
0.00543
0.00449
0.00328
0.00285
0.00208
0.00079
0.00346
0.00182
0.00234
0.00071
0.00088
-0.00067
0.00002
-0.00050
-0.00093
0.00053
-0.00032
-0.00350
-0.00170
-0.00273
-0.00153
-0.00282
-0.00385
-0.00170
-0.00032
-0.00058
-0.00316
-0.00170
-0.00299
-0.00273
-0.00333
-0.00239
-0.00041
0.00062
-0.00084
-0.00101
0.00053
0.00131
0.00217
-0.00075
0.00028
0.00139
0.00139
0.00277
0.00354
0.00260
0.00406
0.00492
0.00440
0.00397
0.00157
0.00242
0.00285
0.00492
0.00629
0.00414
0.00741
0.00543
0.00526
0.00646
0.00483
0.00517
0.00775
0.00603
0.00380
0.00500
0.00543
0.00483
0.00509
0.00517
0.00423
0.00577
0.00535
0.00397
0.00449
0.00569
0.00346
0.00182
0.00242
0.00474
0.00260
0.00431
0.00303
0.00406
0.00234
0.00414
0.00234
0.00320
0.00260
0.00242
0.00277
0.00303
0.00285
0.00242
0.00234
0.00225
0.00260
0.00182
0.00277
0.00131
0.00234
0.00388
0.00191
0.00208
0.00157
0.00346
0.00337
0.00328
0.00268
0.00208
0.00285
0.00225
0.00346
0.00363
0.00303
0.00337
0.00440
0.00285
0.00509
0.00620
0.00294
0.00535
0.00423
0.00500
0.00758
0.00612
0.00577
0.00663
0.00457
0.00363
0.00423
0.00620
0.00629
0.00397
0.00681
0.00492
0.00483
0.00457
0.00474
0.00431
0.00431
0.00397
0.00724
0.00663
0.00535
0.00449
0.00354
0.00380
0.00346
0.00328
0.00346
0.00165
0.00053
0.00242
0.00268
0.00363
0.00242
-0.00015
0.00122
-0.00015
0.00174
-0.00118
0.00122
-0.00058
0.00105
-0.00170
-0.00118
-0.00084
-0.00007
0.00011
-0.00024
-0.00118
-0.00032
0.00062
-0.00178
-0.00290
0.00028
0.00105
0.00019
0.00148
0.00096
0.00174
0.00002
0.00062
0.00079
0.00311
0.00148
0.00045
0.00363
0.00474
0.00225
0.00303
0.00526
0.00492
0.00517
0.00569
0.00663
0.00543
0.00603
0.00852
0.00947
0.00955
0.00638
0.00861
0.00775
0.01016
0.00955
0.00955
0.00904
0.00990
0.00930
0.00973
0.00930
0.00784
0.01016
0.00543
0.00775
0.00620
0.00689
0.00655
0.00792
0.00577
0.00603
0.00724
0.00423
0.00483
0.00157
0.00483
0.00337
0.00294
0.00200
0.00045
0.00208
-0.00032
0.00071
-0.00290
-0.00247
-0.00385
-0.00282
-0.00041
-0.00230
-0.00282
-0.00178
-0.00513
-0.00239
-0.00367
-0.00307
-0.00479
-0.00376
-0.00385
-0.00471
-0.00178
-0.00471
-0.00642
-0.00385
-0.00282
-0.00316
-0.00333
-0.00230
-0.00136
-0.00084
0.00002
0.00019
-0.00127
-0.00015
0.00114
0.00019
0.00354
0.00423
0.00114
0.00346
0.00509
0.00655
0.00569
0.00775
0.00569
0.00509
0.00724
0.00818
0.00895
0.00878
0.00955
0.01136
0.01033
0.00947
0.00998
0.01067
0.01127
0.01153
0.01187
0.01170
0.01170
0.01059
0.01119
0.01282
0.01205
0.01067
0.01127
0.01093
0.00998
0.01110
0.00887
0.01007
0.01050
0.00887
0.00938
0.00741
0.00973
0.00758
0.00595
0.00577
0.00758
0.00552
0.00457
0.00517
0.00457
0.00414
0.00500
0.00354
0.00182
0.00449
0.00354
0.00182
0.00285
0.00242
0.00311
0.00045
-0.00024
0.00157
-0.00015
-0.00067
-0.00247
-0.00110
-0.00118
-0.00050
-0.00050
-0.00299
-0.00127
-0.00093
-0.00118
-0.00153
-0.00282
-0.00307
-0.00230
-0.00024
-0.00058
-0.00213
-0.00299
-0.00264
-0.00067
-0.00342
-0.00273
-0.00136
-0.00299
0.00002
-0.00084
0.00002
-0.00015
0.00002
0.00122
0.00062
0.00122
0.00131
0.00071
0.00208
0.00242
0.00354
0.00354
0.00440
0.00397
0.00535
0.00440
0.00509
0.00646
0.00792
0.00629
0.00663
0.00681
0.00732
0.00638
0.00741
0.00741
0.00629
0.00715
0.00818
0.00921
0.00852
0.00921
0.00964
0.00861
0.01007
0.01007
0.00904
0.00766
0.00792
0.00809
0.00827
0.00681
0.00852
0.00689
0.00741
0.00758
0.00835
0.00801
0.00749
0.00655
0.00655
0.00517
0.00577
0.00612
0.00586
0.00517
0.00517
0.00526
0.00646
0.00612
0.00440
0.00603
0.00303
0.00268
0.00139
0.00139
0.00294
0.00423
0.00191
0.00388
0.00131
0.00406
0.00200
0.00002
0.00174
0.00114
0.00071
0.00096
0.00071
0.00131
0.00157
-0.00015
0.00242
0.00225
0.00105
-0.00015
0.00191
0.00105
0.00139
0.00217
0.00139
0.00105
0.00114
0.00053
0.00114
-0.00058
0.00053
0.00234
0.00148
0.00191
0.00079
0.00157
0.00053
0.00071
0.00122
0.00011
0.00071
0.00045
0.00019
0.00200
0.00260
0.00079
0.00071
0.00105
0.00277
0.00217
0.00234
0.00208
-0.00058
0.00148
0.00079
0.00139
0.00148
0.00148
0.00380
0.00182
0.00122
0.00285
0.00200
0.00277
0.00294
0.00449
0.00397
0.00328
0.00406
0.00251
0.00268
0.00320
0.00535
0.00423
0.00569
0.00672
0.00595
0.00535
0.00930
0.00543
0.00921
0.00741
0.00784
0.00835
0.00930
0.00921
0.00998
0.00964
0.01067
0.00852
0.01119
0.00981
0.01041
0.00930
0.01041
0.01187
0.01230
0.01033
0.01101
0.01119
0.00973
0.00921
0.01162
0.01007
0.01041
0.00921
0.00955
0.00852
0.00870
0.00766
0.00715
0.00827
0.00706
0.00526
0.00792
0.00457
0.00620
0.00380
0.00423
0.00242
0.00569
0.00139
0.00225
0.00328
0.00088
0.00002
0.00053
0.00105
-0.00015
-0.00204
-0.00307
-0.00093
-0.00136
-0.00273
-0.00342
-0.00204
-0.00342
-0.00445
-0.00299
-0.00230
-0.00462
-0.00333
-0.00350
-0.00170
-0.00359
-0.00178
-0.00178
-0.00118
-0.00221
-0.00256
-0.00136
-0.00187
0.00277
0.00011
0.00157
0.00139
0.00114
0.00062
0.00131
0.00002
0.00182
0.00354
0.00388
0.00466
0.00612
0.00586
0.00706
0.00552
0.00517
0.00526
0.00792
0.00698
0.00698
0.00663
0.00526
0.00612
0.00732
0.00638
0.00792
0.00457
0.00638
0.00732
0.00784
0.00595
0.00732
0.00912
0.00741
0.00732
0.00732
0.00552
0.00612
0.00569
0.00535
0.00586
0.00311
0.00569
0.00535
0.00526
0.00337
0.00320
0.00380
0.00242
0.00234
0.00242
0.00440
0.00397
0.00277
0.00217
0.00234
0.00200
0.00277
0.00225
-0.00007
0.00071
0.00088
0.00088
0.00105
-0.00041
-0.00058
0.00088
0.00036
-0.00153
0.00053
-0.00041
-0.00067
0.00165
0.00251
0.00053
0.00139
0.00277
0.00131
0.00011
0.00182
0.00096
0.00053
0.00028
0.00148
0.00354
0.00311
0.00492
0.00517
0.00698
0.00792
0.01076
0.01385
0.01677
0.02381
0.02845
0.03730
0.04924
0.05852
0.07286
0.09133
0.11066
0.13265
0.15834
0.18917
0.22328
0.26064
0.30033
0.34251
0.38821
0.43528
0.48631
0.53793
0.58862
0.63870
0.68568
0.73353
0.77365
0.81058
0.84237
0.86599
0.88137
0.88738
0.88334
0.86728
0.84065
0.80122
0.74616
0.67452
0.58784
0.48167
0.35711
0.21469
0.05285
-0.12694
-0.33087
-0.55078
-0.79440
-1.05786
-1.33411
-1.62206
-1.91807
-2.21289
-2.50598
-2.79487
-3.08607
-3.38613
-3.68618
-3.98065
-4.26447
-4.53196
-4.77129
-4.97848
-5.15140
-5.28584
-5.37663
-5.42354
-5.41941
-5.36916
-5.26582
-5.10553
-4.89275
-4.62182
-4.28904
-3.89346
-3.42126
-2.87939
-2.27396
-1.61244
-0.90057
-0.14429
0.64557
1.45553
2.28826
3.13645
3.98344
4.81393
5.59529
6.34315
7.07013
7.57643
7.47318
6.97667
6.87204
7.16316
7.16479
6.91542
6.98157
7.19958
7.12399
6.96069
7.03732
7.13868
7.05098
6.98440
7.05115
7.07511
7.00837
6.98122
6.98835
6.85684
6.50344
5.95479
5.23511
4.34689
3.39037
2.45972
1.54057
0.58638
-0.40647
-1.42199
-2.42472
-3.41069
-4.47037
-5.62429
-6.70956
-7.41937
-7.50871
-7.16055
-6.91676
-6.99965
-7.08684
-6.98685
-6.95387
-7.07404
-7.10162
-7.00455
-6.99055
-7.05480
-7.04630
-6.98617
-6.99424
-7.02250
-6.99991
-6.96693
-6.97062
-6.96821
-6.93179
-6.88540
-6.80912
-6.62950
-6.29380
-5.80184
-5.15810
-4.39323
-3.55707
-2.69333
-1.82951
-0.98853
-0.19446
0.55640
1.31053
2.16637
3.08405
4.00732
5.00249
5.96175
6.65342
7.00347
7.13688
7.14744
7.04092
6.92049
6.93157
7.00656
7.00236
6.96825
6.99694
7.02460
6.99084
6.96301
6.97830
6.97753
6.94394
6.92401
6.91362
6.87780
6.81483
6.73572
6.61580
6.42673
6.17255
5.84578
5.42950
4.93583
4.40161
3.83406
3.25628
2.69423
2.14455
1.59512
1.04175
0.47540
-0.09774
-0.64175
-1.15699
-1.68597
-2.19914
-2.66722
-3.16038
-3.68678
-4.16920
-4.60455
-5.02976
-5.40541
-5.70658
-5.96300
-6.17723
-6.33100
-6.43219
-6.50194
-6.53261
-6.52574
-6.49739
-6.44988
-6.38125
-6.28959
-6.17706
-6.04452
-5.88843
-5.70959
-5.50926
-5.29305
-5.05760
-4.80745
-4.54391
-4.26687
-3.98254
-3.68352
-3.37745
-3.06047
-2.73903
-2.40805
-2.07776
-1.74618
-1.41701
-1.09557
-0.78074
-0.47381
-0.18166
0.10052
0.36639
0.61602
0.85491
1.07636
1.28407
1.47967
1.65680
1.82096
1.97463
2.10563
2.22839
2.33353
2.42759
2.51066
2.58436
2.64690
2.70007
2.74491
2.77764
2.80384
2.81655
2.81784
2.81303
2.79834
2.77566
2.74586
2.70763
2.66270
2.61520
2.56392
2.50739
2.44872
2.38739
2.32958
2.26507
2.20193
2.13415
2.06578
1.99491
1.92146
1.84587
1.76950
1.68618
1.60345
1.51790
1.42693
1.33484
1.24121
1.14491
1.04638
0.94597
0.84855
0.75037
0.65210
0.55357
0.45787
0.35514
0.25540
0.15533
0.05362
-0.04731
-0.15117
-0.25657
-0.36197
-0.47106
-0.57750
-0.68590
-0.79113
-0.89679
-0.99566
-1.09213
-1.18662
-1.27312
-1.35499
-1.43385
-1.50420
-1.56931
-1.62910
-1.68305
-1.73003
-1.77505
-1.81490
-1.84944
-1.88217
-1.90733
-1.92555
-1.93817
-1.94711
-1.94487
-1.93955
-1.92615
-1.90441
-1.87693
-1.84093
-1.79712
-1.74447
-1.68562
-1.62103
-1.54818
-1.46675
-1.38875
-1.29950
-1.21162
-1.11816
-1.02204
-0.92411
-0.82309
-0.72181
-0.61950
-0.51393
-0.40758
-0.30012
-0.18965
-0.07849
0.03189
0.14210
0.25042
0.36184
0.46569
0.56886
0.66704
0.76042
0.84778
0.93145
1.00696
1.07576
1.13967
1.19517
1.24628
1.28906
1.32994
1.36207
1.38965
1.41602
1.43629
1.45149
1.45931
1.46429
1.46524
1.45991
1.44823
1.43380
1.41232
1.38612
1.35279
1.31534
1.27437
1.22755
1.17730
1.12464
1.06743
1.01108
0.95327
0.89881
0.83919
0.78378
0.72503
0.66807
0.61207
0.55314
0.49936
0.44069
0.38305
0.32309
0.26554
0.20661
0.14579
0.08704
0.02794
-0.02996
-0.08751
-0.14524
-0.19721
-0.24849
-0.29746
-0.34350
-0.38697
-0.43000
-0.46900
-0.50774
-0.54374
-0.57638
-0.61426
-0.64776
-0.68272
-0.71580
-0.75024
-0.78675
-0.81785
-0.85040
-0.87858
-0.90942
-0.93089
-0.94842
-0.96654
-0.97805
-0.98716
-0.99343
-0.99532
-0.99437
-0.98948
-0.98338
-0.97221
-0.96122
-0.94533
-0.93158
-0.91225
-0.89189
-0.86698
-0.84284
-0.81579
-0.78340
-0.74956
-0.71073
-0.66872
-0.62131
-0.57148
-0.51857
-0.46307
-0.40440
-0.34513
-0.28268
-0.21929
-0.16044
-0.09877
-0.03855
0.02364
0.08180
0.13858
0.19570
0.24879
0.30282
0.35763
0.41054
0.46140
0.51362
0.56431
0.61061
0.65974
0.70467
0.74899
0.78765
0.82373
0.85457
0.88102
0.90430
0.91942
0.93445
0.94176
0.94502
0.94665
0.94133
0.93256
0.92097
0.90911
0.89528
0.87664
0.85731
0.83601
0.81187
0.78559
0.75509
0.72142
0.68732
0.64591
0.60468
0.55932
0.51148
0.46036
0.40728
0.35488
0.29913
0.24441
0.18952
0.13471
0.08180
0.03137
-0.01811
-0.06733
-0.11028
-0.15417
-0.19687
-0.23621
-0.27426
-0.31318
-0.35123
-0.38877
-0.42347
-0.45938
-0.49563
-0.52681
-0.55628
-0.58256
-0.60705
-0.62646
-0.64295
-0.65721
-0.66606
-0.67405
-0.67499
-0.67594
-0.67035
-0.66597
-0.65756
-0.64639
-0.63797
-0.62577
-0.61186
-0.59785
-0.58359
-0.56899
-0.55069
-0.53274
-0.51264
-0.48739
-0.46299
-0.43670
-0.40836
-0.37674
-0.34213
-0.30691
-0.27289
-0.23672
-0.19773
-0.16465
-0.12600
-0.09430
-0.06226
-0.02970
0.00096
0.02811
0.05603
0.08094
0.10946
0.13454
0.16160
0.18643
0.21082
0.24140
0.26425
0.28873
0.31708
0.34019
0.36132
0.38039
0.39817
0.41217
0.42600
0.43416
0.44155
0.44722
0.44903
0.44799
0.44662
0.44602
0.44344
0.44035
0.43648
0.43356
0.42721
0.42205
0.41690
0.41252
0.40522
0.39560
0.38769
0.37472
0.36089
0.34586
0.32868
0.30823
0.28719
0.26537
0.24355
0.22079
0.19716
0.17612
0.15464
0.13317
0.11246
0.09468
0.07596
0.05860
0.04022
0.02038
0.00139
-0.01484
-0.03468
-0.05796
-0.07901
-0.10057
-0.12351
-0.14361
-0.16938
-0.19017
-0.21078
-0.23106
-0.24763
-0.26318
-0.27650
-0.28741
-0.29806
-0.30442
-0.31146
-0.31747
-0.32005
-0.32366
-0.32864
-0.33259
-0.33457
-0.34075
-0.34092
-0.34178
-0.34453
-0.34350
-0.34376
-0.34067
-0.33439
-0.32572
-0.31670
-0.30622
-0.29205
-0.27521
-0.25906
-0.24145
-0.22410
-0.20382
-0.18432
-0.16577
-0.14902
-0.13244
-0.11354
-0.09911
-0.08245
-0.06716
-0.04920
-0.03443
-0.01622
0.00062
0.02064
0.04142
0.05998
0.08197
0.10276
0.12243
0.14227
0.16143
0.17887
0.19493
0.20790
0.22096
0.23066
0.23814
0.24656
0.25188
0.25575
0.25832
0.26288
0.26425
0.26846
0.27310
0.27276
0.27731
0.27886
0.27971
0.28032
0.28040
0.27593
0.27310
0.26545
0.25729
0.24922
0.23745
0.22371
0.20928
0.19304
0.17878
0.16469
0.14906
0.13291
0.11899
0.10808
0.09623
0.08077
0.06900
0.05869
0.04941
0.03790
0.02484
0.01213
-0.00178
-0.01579
-0.03013
-0.04869
-0.06243
-0.07892
-0.09147
-0.10590
-0.11964
-0.13081
-0.14155
-0.14833
-0.15555
-0.15967
-0.16362
-0.16431
-0.16723
-0.16861
-0.16981
-0.17204
-0.17410
-0.17694
-0.17711
-0.17960
-0.18055
-0.18329
-0.18493
-0.18493
-0.18682
-0.18467
-0.17960
-0.17531
-0.16869
-0.16173
-0.15134
-0.14241
-0.13373
-0.12402
-0.11217
-0.10512
-0.09378
-0.08614
-0.07884
-0.06913
-0.06235
-0.05702
-0.05221
-0.04628
-0.04044
-0.03408
-0.02481
-0.01527
-0.00591
0.00492
0.01763
0.02837
0.03919
0.05044
0.06273
0.07020
0.08085
0.08661
0.09236
0.09692
0.10018
0.10405
0.10705
0.10714
0.10783
0.10954
0.11075
0.11289
0.11590
0.12226
0.12380
0.12655
0.13102
0.13480
0.13720
0.13695
0.13772
0.13454
0.13540
0.12973
0.12647
0.11934
0.11358
0.10748
0.10052
0.09339
0.08506
0.08034
0.07553
0.07226
0.06874
0.06462
0.05963
0.05732
0.05543
0.05087
0.04658
0.04194
0.03679
0.03051
0.02493
0.01505
0.00689
-0.00101
-0.01055
-0.01965
-0.02506
-0.03133
-0.03623
-0.04061
-0.04336
-0.04525
-0.04671
-0.04834
-0.05023
-0.04989
-0.05040
-0.05272
-0.05247
-0.05650
-0.06097
-0.06363
-0.07008
-0.07094
-0.07738
-0.07849
-0.08279
-0.08434
-0.08597
-0.08537
-0.08425
-0.08150
-0.07815
-0.07446
-0.07274
-0.06698
-0.06432
-0.06088
-0.05908
-0.05668
-0.05599
-0.05418
-0.05539
-0.05504
-0.05633
-0.05599
-0.05590
-0.05539
-0.05479
-0.05187
-0.04705
-0.04121
-0.03675
-0.03073
-0.02489
-0.01613
-0.01149
-0.00539
-0.00144
0.00294
0.00689
0.01059
0.01325
0.01394
0.01488
0.01574
0.01866
0.01840
0.02064
0.02527
0.02768
0.03232
0.04065
0.04460
0.04924
0.05723
0.06127
0.06616
0.07063
0.07398
0.07475
0.07587
0.07690
0.07656
0.07493
0.07286
0.07218
0.07003
0.06719
0.06805
0.06831
0.06754
0.06805
0.07054
0.07063
0.07261
0.07355
0.07484
0.07364
0.07132
0.06900
0.06616
0.06195
0.05620
0.05036
0.04606
0.04022
0.03352
0.02673
0.02321
0.01892
0.01196
0.01033
0.00766
0.00509
0.00440
0.00320
0.00088
-0.00110
-0.00239
-0.00668
-0.01029
-0.01476
-0.01905
-0.02481
-0.03228
-0.03975
-0.04456
-0.04602
-0.04860
-0.05539
-0.05582
-0.05814
-0.05839
-0.05951
-0.05693
-0.05693
-0.05461
-0.05238
-0.05178
-0.05144
-0.05032
-0.04869
-0.04946
-0.05049
-0.05315
-0.05530
-0.05607
-0.05324
-0.05393
-0.05307
-0.05092
-0.04817
-0.04345
-0.03958
-0.03511
-0.02876
-0.02335
-0.01982
-0.01261
-0.00883
-0.00539
-0.00153
-0.00118
-0.00007
0.00328
0.00303
0.00552
0.00552
0.00492
0.00689
0.00912
0.01248
0.01668
0.01918
0.02218
0.02828
0.03249
0.03773
0.04160
0.04280
0.04666
0.04615
0.04752
0.04864
0.04546
0.04580
0.04349
0.04185
0.04022
0.03885
0.03610
0.03301
0.03481
0.03739
0.03713
0.03859
0.03988
0.04203
0.04271
0.04383
0.04615
0.04151
0.04142
0.03867
0.03558
0.03086
0.02794
0.02287
0.02003
0.01703
0.01359
0.00887
0.00766
0.00715
0.00638
0.00784
0.00930
0.00715
0.00801
0.00930
0.00912
0.00681
0.00638
0.00354
0.00011
-0.00213
-0.00479
-0.01098
-0.01312
-0.01458
-0.02051
-0.01982
-0.02017
-0.02146
-0.02257
-0.01905
-0.01982
-0.01682
-0.01476
-0.01338
-0.00986
-0.01269
-0.01080
-0.01209
-0.01080
-0.01493
-0.01570
-0.01811
-0.02051
-0.02189
-0.02335
-0.02326
-0.02300
-0.02360
-0.02094
-0.02146
-0.01561
-0.01072
-0.01184
-0.00737
-0.00685
-0.00445
-0.00350
-0.00136
-0.00058
-0.00187
-0.00324
-0.00385
-0.00522
-0.00608
-0.00582
-0.00677
-0.00995
-0.00565
-0.00548
-0.00187
0.00114
0.00440
0.00724
0.00981
0.01462
0.01385
0.01548
0.01814
0.01746
0.01926
0.01866
0.01789
0.01660
0.01411
0.01248
0.01248
0.01316
0.01497
0.01454
0.01591
0.01943
0.02064
0.02278
0.02665
0.02854
0.03172
0.02966
0.03000
0.03249
0.02940
0.02880
0.02880
0.02364
0.02270
0.02081
0.01634
0.01608
0.01617
0.01505
0.01144
0.01290
0.01471
0.01608
0.01617
0.01772
0.01926
0.01729
0.01703
0.01668
0.01471
0.01162
0.00912
0.00517
0.00191
-0.00127
-0.00273
-0.00582
-0.00788
-0.00823
-0.01080
-0.01020
-0.01020
-0.00823
-0.00642
-0.00651
-0.00462
-0.00410
-0.00445
-0.00282
-0.00402
-0.00599
-0.00591
-0.00969
-0.01003
-0.01372
-0.01553
-0.01673
-0.01544
-0.01630
-0.01536
-0.01476
-0.01226
-0.00754
-0.00556
-0.00247
-0.00204
0.00285
0.00474
0.00629
0.00758
0.00655
0.00706
0.00706
0.00577
0.00620
0.00483
0.00483
0.00380
0.00603
0.00586
0.00681
0.00792
0.00870
0.01308
0.01608
0.01772
0.01952
0.02089
0.01986
0.02313
0.02175
0.02012
0.01686
0.01677
0.01299
0.01308
0.00887
0.00638
0.00535
0.00234
0.00260
0.00260
0.00449
0.00483
0.00526
0.00638
0.00449
0.00466
0.00603
0.00560
0.00294
0.00225
0.00071
-0.00230
-0.00556
-0.00952
-0.01012
-0.01278
-0.01613
-0.01467
-0.01750
-0.01854
-0.01613
-0.01561
-0.01501
-0.01003
-0.01029
-0.00745
-0.00591
-0.00385
-0.00342
-0.00488
-0.00565
-0.00642
-0.00694
-0.00591
-0.00720
-0.00926
-0.00642
-0.00531
-0.00642
-0.00324
-0.00256
-0.00084
0.00303
0.00620
0.00904
0.01050
0.01625
0.01737
0.01935
0.02132
0.02184
0.02304
0.01969
0.01986
0.01909
0.01729
0.01746
0.01797
0.01668
0.01823
0.02012
0.02072
0.02021
0.02493
0.02476
0.02734
0.02854
0.02880
0.02888
0.02819
0.03026
0.02716
0.02424
0.02433
0.02184
0.01986
0.01840
0.01780
0.01686
0.01763
0.01952
0.02107
0.02570
0.02914
0.03172
0.03610
0.04280
0.04701
0.05319
0.05989
0.06539
0.07269
0.07948
0.08858
0.09674
0.10370
0.11289
0.12483
0.13660
0.15026
0.16564
0.17826
0.19398
0.21228
0.22886
0.24630
0.26073
0.27654
0.29269
0.30437
0.31416
0.32481
0.33091
0.33435
0.33624
0.33607
0.33117
0.32395
0.31012
0.29784
0.27774
0.25549
0.22774
0.19562
0.15825
0.11719
0.06737
0.01436
-0.04465
-0.10830
-0.18140
-0.25717
-0.33895
-0.42545
-0.51702
-0.61117
-0.70996
-0.80900
-0.91311
-1.01327
-1.11721
-1.21858
-1.31797
-1.41357
-1.50420
-1.59233
-1.67420
-1.74962
-1.82006
-1.87753
-1.93010
-1.97133
-2.00251
-2.02339
-2.03172
-2.02536
-2.00870
-1.97425
-1.92486
-1.85923
-1.77565
-1.67643
-1.55961
-1.42629
-1.27321
-1.10493
-0.92093
-0.72172
-0.51316
-0.28844
-0.05487
0.18617
0.43374
0.68826
0.94262
1.20221
1.45940
1.71461
1.97171
2.21619
2.44890
2.67361
2.89069
3.10192
3.30585
3.50368
3.68390
3.85115
4.00079
4.12715
4.23143
4.31201
4.36991
4.40238
4.41234
4.39302
4.35161
4.28564
4.19261
4.07673
3.93748
3.77384
3.58717
3.37818
3.14401
2.88708
2.61288
2.31961
2.01140
1.69056
1.36164
1.02482
0.67718
0.32584
-0.02695
-0.38173
-0.73951
-1.08887
-1.43359
-1.76929
-2.09709
-2.41338
-2.71300
-3.00060
-3.26475
-3.51360
-3.74150
-3.95368
-4.15262
-4.33637
-4.50912
-4.66047
-4.78640
-4.88828
-4.96207
-5.01198
-5.04059
-5.04729
-5.03414
-5.00202
-4.94884
-4.87016
-4.76811
-4.64003
-4.49297
-4.32434
-4.13424
-3.92258
-3.69400
-3.44789
-3.18778
-2.91504
-2.63080
-2.33925
-2.03885
-1.73433
-1.42740
-1.11575
-0.80702
-0.49503
-0.18596
0.11994
0.41819
0.70862
0.98866
1.25873
1.51996
1.77483
2.01097
2.23560
2.44494
2.63968
2.81131
2.96679
3.10407
3.22562
3.32784
3.41262
3.47877
3.52876
3.56020
3.57386
3.57352
3.55531
3.52378
3.47499
3.41228
3.33815
3.25096
3.15131
3.03938
2.91826
2.78838
2.64853
2.50310
2.35183
2.19265
2.03236
1.86537
1.70018
1.53465
1.36963
1.20410
1.04175
0.88326
0.73044
0.57779
0.43545
0.29363
0.16126
0.03137
-0.08743
-0.20271
-0.30777
-0.40724
-0.50036
-0.58523
-0.66331
-0.73409
-0.79826
-0.85444
-0.90512
-0.94756
-0.98106
-1.01456
-1.03363
-1.05150
-1.06464
-1.07186
-1.07650
-1.07306
-1.07392
-1.06765
-1.05949
-1.05073
-1.04111
-1.02942
-1.01774
-1.00795
-0.99403
-0.98407
-0.97505
-0.96551
-0.95692
-0.94756
-0.93974
-0.93201
-0.92402
-0.91689
-0.91157
-0.90590
-0.90272
-0.89928
-0.89731
-0.89361
-0.89052
-0.88786
-0.88434
-0.87944
-0.87523
-0.86801
-0.86097
-0.85075
-0.83700
-0.81939
-0.79929
-0.77696
-0.74921
-0.72026
-0.68504
-0.64776
-0.60748
-0.56203
-0.51496
-0.46376
-0.40853
-0.35003
-0.29213
-0.22813
-0.16345
-0.09473
-0.02498
0.04890
0.12294
0.19819
0.27413
0.34852
0.42781
0.50374
0.58174
0.65519
0.73027
0.80199
0.86891
0.93231
0.99493
1.05317
1.10480
1.15058
1.19499
1.23073
1.26414
1.29052
1.31010
1.32651
1.33493
1.33931
1.33776
1.33123
1.31740
1.30074
1.27419
1.24550
1.20779
1.16716
1.12017
1.06880
1.01134
0.95069
0.88635
0.81737
0.74358
0.66782
0.59205
0.50924
0.42661
0.34612
0.26322
0.17895
0.09743
0.01256
-0.06741
-0.14696
-0.22616
-0.30519
-0.37760
-0.45526
-0.52484
-0.59236
-0.65713
-0.72086
-0.78125
-0.83623
-0.89095
-0.93923
-0.98587
-1.02513
-1.06086
-1.08792
-1.11120
-1.12967
-1.14462
-1.15029
-1.15750
-1.15870
-1.15630
-1.14917
-1.13628
-1.11979
-1.09849
-1.07590
-1.04557
-1.01190
-0.97754
-0.93536
-0.88983
-0.84405
-0.79345
-0.73865
-0.68238
-0.62234
-0.56100
-0.50216
-0.43730
-0.37056
-0.30416
-0.24076
-0.17299
-0.10856
-0.04370
0.02038
0.08274
0.14296
0.20068
0.25979
0.31433
0.36888
0.41793
0.46707
0.51543
0.55821
0.59884
0.63612
0.67099
0.70192
0.72898
0.75475
0.77425
0.79143
0.80397
0.81110
0.81952
0.82106
0.81969
0.81393
0.80801
0.79615
0.78387
0.76918
0.75226
0.73448
0.71326
0.68912
0.66421
0.63998
0.61275
0.57994
0.55056
0.51800
0.48253
0.44714
0.41020
0.37343
0.33332
0.29621
0.25832
0.22216
0.18204
0.14562
0.10551
0.07020
0.03618
0.00122
-0.03460
-0.06767
-0.09920
-0.13175
-0.16414
-0.19652
-0.22401
-0.25365
-0.28320
-0.31206
-0.33680
-0.36283
-0.38542
-0.40801
-0.42657
-0.44564
-0.46307
-0.47922
-0.49056
-0.49950
-0.50912
-0.51814
-0.52398
-0.52484
-0.52638
-0.52784
-0.52716
-0.52338
-0.51702
-0.50740
-0.50414
-0.49537
-0.48111
-0.46969
-0.45397
-0.43842
-0.41978
-0.39745
-0.37614
-0.35261
-0.33139
-0.30777
-0.27873
-0.25425
-0.22599
-0.19712
-0.16809
-0.14043
-0.11105
-0.08236
-0.05590
-0.02902
0.00079
0.02802
0.05268
0.08025
0.10533
0.13205
0.15902
0.18299
0.20567
0.22963
0.25137
0.27362
0.29337
0.30995
0.32894
0.34448
0.35651
0.36888
0.37713
0.38709
0.39113
0.39637
0.39989
0.39929
0.39972
0.40041
0.40118
0.39568
0.39010
0.38348
0.37773
0.36888
0.35814
0.34929
0.33538
0.32026
0.30626
0.29131
0.27362
0.25549
0.23728
0.21847
0.19768
0.17818
0.15688
0.13677
0.11410
0.09391
0.07441
0.05646
0.03610
0.01711
-0.00084
-0.01931
-0.03967
-0.05745
-0.07403
-0.09258
-0.10856
-0.12600
-0.14086
-0.15649
-0.17024
-0.18166
-0.19601
-0.20786
-0.21430
-0.22264
-0.22994
-0.23750
-0.24231
-0.24686
-0.25013
-0.25030
-0.25305
-0.25210
-0.25219
-0.24892
-0.25090
-0.24755
-0.24489
-0.24179
-0.23741
-0.23389
-0.22779
-0.22152
-0.21293
-0.20692
-0.19962
-0.19008
-0.17874
-0.16869
-0.15855
-0.14567
-0.13416
-0.12462
-0.11260
-0.10049
-0.08863
-0.07978
-0.06784
-0.05599
-0.04688
-0.03460
-0.02154
-0.01226
-0.00230
0.00698
0.01892
0.02923
0.04134
0.05096
0.06084
0.07046
0.08008
0.08824
0.09700
0.10482
0.11161
0.11942
0.12475
0.12801
0.13299
0.13823
0.14262
0.14382
0.14554
0.15043
0.15017
0.15267
0.15395
0.15593
0.15705
0.15636
0.15825
0.15662
0.15713
0.15576
0.15121
0.14949
0.14571
0.14468
0.13952
0.13471
0.12956
0.12552
0.12105
0.11418
0.10980
0.10542
0.09863
0.09580
0.08944
0.08730
0.08034
0.07596
0.07158
0.06487
0.05809
0.05233
0.04469
0.03799
0.02905
0.02287
0.01522
0.00758
0.00036
-0.00496
-0.01261
-0.02034
-0.02652
-0.03245
-0.03950
-0.04542
-0.05109
-0.05719
-0.06097
-0.06673
-0.07403
-0.07901
-0.08408
-0.09061
-0.09593
-0.10195
-0.10804
-0.11088
-0.11646
-0.12230
-0.12711
-0.12926
-0.13098
-0.13390
-0.13528
-0.13570
-0.13699
-0.13519
-0.13570
-0.13407
-0.13287
-0.13038
-0.13004
-0.12806
-0.12265
-0.12471
-0.12016
-0.11741
-0.11286
-0.10693
-0.10306
-0.09636
-0.09043
-0.08468
-0.07789
-0.06913
-0.06260
-0.05247
-0.04345
-0.03580
-0.02713
-0.01819
-0.00711
0.00182
0.00766
0.01634
0.02493
0.03189
0.04263
0.04898
0.05586
0.06453
0.07338
0.07913
0.08738
0.09606
0.10319
0.10911
0.11779
0.12389
0.12853
0.13463
0.13669
0.13884
0.14451
0.14554
0.14803
0.14863
0.14622
0.14622
0.14545
0.14382
0.14373
0.14098
0.13849
0.13488
0.13239
0.12629
0.12294
0.11925
0.11289
0.10594
0.10018
0.09528
0.08652
0.07759
0.06805
0.05903
0.05190
0.04220
0.03155
0.02347
0.01308
0.00552
-0.00385
-0.01364
-0.02051
-0.02919
-0.03829
-0.04310
-0.04929
-0.05779
-0.06527
-0.07154
-0.07764
-0.08330
-0.09061
-0.09464
-0.10134
-0.10710
-0.11165
-0.11517
-0.11552
-0.11852
-0.11964
-0.11973
-0.12265
-0.12162
-0.11835
-0.11638
-0.11560
-0.11328
-0.11054
-0.10787
-0.10238
-0.09885
-0.09258
-0.09250
-0.08769
-0.08434
-0.07635
-0.07274
-0.06621
-0.05977
-0.05272
-0.04697
-0.03821
-0.03348
-0.02068
-0.01639
-0.00831
-0.00007
0.00552
0.01308
0.01918
0.02596
0.02983
0.03593
0.04142
0.04589
0.04993
0.05628
0.05938
0.06238
0.06685
0.06994
0.07467
0.07810
0.07956
0.08386
0.08412
0.08601
0.08815
0.08970
0.08944
0.08884
0.08575
0.08583
0.08532
0.08085
0.07931
0.07501
0.07415
0.07175
0.06737
0.06393
0.06110
0.05654
0.05336
0.04984
0.04821
0.04460
0.04211
0.03644
0.03335
0.02828
0.02510
0.02107
0.01445
0.00981
0.00681
0.00225
-0.00299
-0.00617
-0.00934
-0.01433
-0.01811
-0.02000
-0.02111
-0.02223
-0.02592
-0.02524
-0.02859
-0.02893
-0.03237
-0.03297
-0.03365
-0.03546
-0.03580
-0.03632
-0.03958
-0.04035
-0.04139
-0.03950
-0.04061
-0.03975
-0.03950
-0.03984
-0.03554
-0.03400
-0.03503
-0.03262
-0.02970
-0.03091
-0.02747
-0.02463
-0.02498
-0.02438
-0.02043
-0.01982
-0.01879
-0.01785
-0.01819
-0.01639
-0.01553
-0.01450
-0.01338
-0.01080
-0.01055
-0.00771
-0.00634
-0.00213
-0.00290
-0.00221
0.00148
0.00268
0.00234
0.00337
0.00388
0.00492
0.00337
0.00552
0.00620
0.00724
0.00706
0.00732
0.00904
0.00870
0.01084
0.01187
0.01368
0.01342
0.01505
0.01625
0.01591
0.01900
0.02003
0.02038
0.02132
0.02278
0.02278
0.02141
0.02132
0.02338
0.02218
0.02484
0.02476
0.02484
0.02519
0.02734
0.02708
0.02639
0.02897
0.02991
0.02880
0.02854
0.02974
0.02931
0.02699
0.02759
0.02940
0.02613
0.02450
0.02545
0.02373
0.02227
0.01969
0.01960
0.01729
0.01651
0.01488
0.01342
0.01187
0.01325
0.00998
0.01059
0.00878
0.00741
0.00646
0.00423
0.00191
0.00071
-0.00307
-0.00350
-0.00668
-0.00969
-0.01046
-0.01055
-0.01321
-0.01458
-0.01665
-0.01759
-0.01785
-0.01991
-0.01845
-0.01802
-0.02000
-0.02137
-0.02266
-0.02111
-0.02343
-0.02515
-0.02489
-0.02429
-0.02644
-0.02730
-0.02807
-0.02592
-0.02764
-0.02567
-0.02635
-0.02438
-0.02438
-0.02300
-0.02085
-0.01931
-0.01759
-0.01647
-0.01596
-0.01201
-0.01158
-0.01123
-0.00823
-0.00771
-0.00488
-0.00496
-0.00419
-0.00204
-0.00161
0.00182
0.00285
0.00646
0.00586
0.00998
0.01084
0.01479
0.01574
0.01711
0.01823
0.02021
0.02038
0.02235
0.02364
0.02304
0.02450
0.02484
0.02484
0.02622
0.02742
0.02639
0.02785
0.02742
0.02742
0.02914
0.03094
0.02811
0.03051
0.03060
0.02828
0.02923
0.02854
0.02871
0.02613
0.02493
0.02416
0.02270
0.02124
0.02115
0.01960
0.01711
0.01608
0.01617
0.01591
0.01462
0.01445
0.01265
0.01153
0.01136
0.00887
0.00655
0.00586
0.00371
0.00157
0.00311
0.00148
-0.00075
-0.00316
-0.00316
-0.00599
-0.00926
-0.00806
-0.00934
-0.01115
-0.01003
-0.01046
-0.01098
-0.01123
-0.01003
-0.01106
-0.01390
-0.01295
-0.01347
-0.01519
-0.01665
-0.01407
-0.01647
-0.01768
-0.01776
-0.01836
-0.01828
-0.01647
-0.01690
-0.01665
-0.01742
-0.01716
-0.01510
-0.01553
-0.01561
-0.01441
-0.01166
-0.01252
-0.01209
-0.00900
-0.00934
-0.00763
-0.00617
-0.00591
-0.00496
-0.00625
-0.00608
-0.00445
-0.00402
-0.00110
0.00088
0.00277
0.00612
0.00681
0.00801
0.00938
0.00921
0.01205
0.01196
0.01316
0.01540
0.01591
0.01505
0.01806
0.01686
0.01857
0.01737
0.01789
0.02038
0.01840
0.02158
0.02107
0.02124
0.02235
0.02244
0.02270
0.02433
0.02536
0.02476
0.02356
0.02476
0.02407
0.02364
0.02270
0.02012
0.01978
0.01969
0.01840
0.01969
0.01686
0.01651
0.01780
0.01677
0.01737
0.01454
0.01479
0.01479
0.01351
0.01359
0.01239
0.01213
0.00955
0.00904
0.00775
0.00655
0.00517
0.00251
0.00157
-0.00050
-0.00067
-0.00187
-0.00196
-0.00170
-0.00153
-0.00316
-0.00419
-0.00428
-0.00539
-0.00634
-0.00617
-0.01020
-0.01037
-0.00995
-0.01252
-0.01209
-0.01269
-0.01536
-0.01458
-0.01579
-0.01570
-0.01768
-0.01725
-0.01570
-0.01879
-0.01836
-0.01725
-0.01708
-0.01965
-0.01596
-0.01682
-0.01501
-0.01553
-0.01381
-0.01536
-0.01484
-0.01484
-0.01381
-0.01321
-0.01132
-0.01072
-0.01055
-0.00848
-0.00737
-0.00599
-0.00402
-0.00256
-0.00153
-0.00007
0.00320
0.00354
0.00603
0.00801
0.00955
0.01067
0.01084
0.01265
0.01505
0.01385
0.01729
0.01729
0.01969
0.01900
0.01986
0.02261
0.02270
0.02356
0.02450
0.02682
0.02828
0.02699
0.02802
0.02931
0.02974
0.02983
0.03086
0.02871
0.02802
0.02682
0.02734
0.02588
0.02648
0.02450
0.02502
0.02399
0.02476
0.02313
0.02175
0.02296
0.02210
0.02184
0.02210
0.02244
0.02098
0.02278
0.02055
0.02141
0.01900
0.01978
0.02098
0.02321
0.02192
0.02665
0.02785
0.02828
0.03232
0.03850
0.03739
0.04220
0.04795
0.05242
0.05843
0.06333
0.06848
0.07252
0.07639
0.08352
0.08807
0.09451
0.09889
0.10224
0.10714
0.10963
0.11478
0.11710
0.12011
0.12114
0.12226
0.12028
0.11685
0.11410
0.10860
0.10164
0.09219
0.08352
0.06883
0.05474
0.03799
0.01960
-0.00299
-0.02635
-0.05092
-0.07566
-0.10650
-0.13553
-0.16792
-0.20013
-0.23561
-0.27005
-0.30510
-0.34402
-0.37924
-0.41617
-0.45406
-0.49005
-0.52621
-0.56195
-0.59244
-0.62663
-0.65506
-0.68109
-0.70472
-0.72507
-0.74045
-0.75213
-0.76364
-0.76613
-0.76459
-0.75729
-0.74681
-0.73195
-0.70935
-0.68350
-0.65111
-0.61452
-0.57140
-0.52441
-0.46874
-0.40999
-0.34728
-0.27864
-0.20494
-0.12978
-0.04972
0.03584
0.12483
0.21177
0.30600
0.39920
0.49473
0.58879
0.68422
0.77665
0.86908
0.96057
1.05068
1.13606
1.21913
1.29799
1.37015
1.43938
1.50338
1.56128
1.61110
1.65508
1.69391
1.72415
1.74734
1.76211
1.77070
1.76830
1.75748
1.73995
1.71298
1.67664
1.63326
1.57975
1.51987
1.44935
1.37229
1.28442
1.19027
1.09079
0.98393
0.86840
0.74925
0.62384
0.49223
0.35737
0.21967
0.07819
-0.06535
-0.21010
-0.35553
-0.50353
-0.64940
-0.79362
-0.93656
-1.07985
-1.21566
-1.34966
-1.48135
-1.60342
-1.73089
-1.84738
-1.95681
-2.05543
-2.14193
-2.22122
-2.29140
-2.35179
-2.40634
-2.44963
-2.48270
-2.50736
-2.51930
-2.52076
-2.50864
-2.48554
-2.45161
-2.40410
-2.35033
-2.28410
-2.20722
-2.11977
-2.02433
-1.91799
-1.80434
-1.68141
-1.55127
-1.41641
-1.27295
-1.12520
-0.97101
-0.81527
-0.65549
-0.49580
-0.33302
-0.16886
-0.00505
0.15919
0.31768
0.47557
0.62813
0.77725
0.92208
1.06305
1.19783
1.32651
1.44754
1.56239
1.66874
1.77002
1.85970
1.94173
2.01655
2.08201
2.13914
2.18801
2.22529
2.25175
2.27391
2.28491
2.28809
2.28147
2.26438
2.24170
2.21207
2.17195
2.12771
2.07144
2.01140
1.94508
1.87026
1.79201
1.70585
1.61548
1.52082
1.42143
1.31757
1.21089
1.09956
0.98660
0.87115
0.75569
0.63569
0.51758
0.39568
0.27293
0.15722
0.03687
-0.08124
-0.19721
-0.31163
-0.42098
-0.52793
-0.63179
-0.73349
-0.83048
-0.92497
-1.01362
-1.09445
-1.17150
-1.24332
-1.31006
-1.36942
-1.42380
-1.47542
-1.51906
-1.55995
-1.59414
-1.61604
-1.63408
-1.64327
-1.64602
-1.64138
-1.63193
-1.61561
-1.59551
-1.56828
-1.53744
-1.49922
-1.45472
-1.40490
-1.35069
-1.28988
-1.22511
-1.15630
-1.08612
-1.00683
-0.92694
-0.84645
-0.75892
-0.67147
-0.58102
-0.49039
-0.39805
-0.30880
-0.21723
-0.12411
-0.03503
0.05362
0.14081
0.22568
0.30969
0.38829
0.46560
0.53742
0.60769
0.66885
0.73027
0.78739
0.84031
0.88566
0.92939
0.96555
0.99948
1.02663
1.05016
1.06657
1.07774
1.08272
1.08624
1.08135
1.07525
1.06425
1.04621
1.02422
1.00068
0.97156
0.93935
0.90379
0.86565
0.82493
0.78258
0.73705
0.68912
0.63827
0.58870
0.53433
0.48347
0.42695
0.37163
0.31725
0.26159
0.20730
0.15344
0.09966
0.04984
-0.00290
-0.05058
-0.10229
-0.14679
-0.19111
-0.23569
-0.27555
-0.31292
-0.34934
-0.38044
-0.41205
-0.44246
-0.46831
-0.49305
-0.51882
-0.53747
-0.55387
-0.56805
-0.57964
-0.58703
-0.59193
-0.59648
-0.59811
-0.59846
-0.59356
-0.58978
-0.58196
-0.57475
-0.56178
-0.54743
-0.53472
-0.51694
-0.49907
-0.47957
-0.45586
-0.43370
-0.40982
-0.38551
-0.36231
-0.33491
-0.30785
-0.28406
-0.25751
-0.22745
-0.20116
-0.17333
-0.14756
-0.11990
-0.09370
-0.06698
-0.04388
-0.01708
0.00775
0.03120
0.05457
0.07707
0.09786
0.11659
0.13420
0.15275
0.17053
0.18574
0.20008
0.21357
0.22680
0.23771
0.24965
0.26185
0.27001
0.27645
0.28478
0.29200
0.29681
0.30162
0.30609
0.30566
0.30755
0.31030
0.30866
0.31150
0.30866
0.30548
0.30514
0.30351
0.29999
0.29535
0.29097
0.28787
0.28315
0.27611
0.26949
0.26262
0.25652
0.25025
0.23917
0.23152
0.22225
0.21263
0.20154
0.19149
0.17861
0.16761
0.15670
0.14519
0.13145
0.11667
0.10508
0.08790
0.07785
0.05912
0.04580
0.03000
0.01600
0.00105
-0.01510
-0.02927
-0.04671
-0.06432
-0.07669
-0.09275
-0.11105
-0.12720
-0.13888
-0.15486
-0.16895
-0.18398
-0.19755
-0.21216
-0.22264
-0.23389
-0.24334
-0.25451
-0.26181
-0.27177
-0.27633
-0.28363
-0.28930
-0.29471
-0.29866
-0.30098
-0.30210
-0.30330
-0.30158
-0.29926
-0.29660
-0.29153
-0.28517
-0.27710
-0.27066
-0.26189
-0.25202
-0.24076
-0.22822
-0.21448
-0.19962
-0.18613
-0.16955
-0.15512
-0.13828
-0.11938
-0.10177
-0.08408
-0.06295
-0.04474
-0.02773
-0.00788
0.00878
0.02819
0.04924
0.06788
0.08669
0.10628
0.12492
0.13815
0.15791
0.17337
0.18883
0.20240
0.21649
0.22843
0.23908
0.25205
0.26125
0.26966
0.27971
0.28444
0.28830
0.29406
0.29621
0.29853
0.29853
0.29810
0.29810
0.29458
0.29294
0.28942
0.28169
0.27542
0.26571
0.25755
0.24802
0.23814
0.22757
0.21683
0.20086
0.18814
0.17500
0.16057
0.14528
0.12793
0.11547
0.09838
0.08266
0.06908
0.05173
0.03481
0.02012
0.00457
-0.01458
-0.03082
-0.04568
-0.06054
-0.07523
-0.08975
-0.10461
-0.11689
-0.13046
-0.14421
-0.15830
-0.17007
-0.17883
-0.19077
-0.19936
-0.20717
-0.21499
-0.22204
-0.22753
-0.23552
-0.23913
-0.24179
-0.24368
-0.24617
-0.24901
-0.24918
-0.24858
-0.24514
-0.24248
-0.23913
-0.23484
-0.23011
-0.22418
-0.21843
-0.21422
-0.20108
-0.19249
-0.18458
-0.17453
-0.16259
-0.15383
-0.14129
-0.13072
-0.11698
-0.10547
-0.09155
-0.08142
-0.06527
-0.05290
-0.03872
-0.02644
-0.01201
0.00165
0.01462
0.02734
0.04160
0.05388
0.06642
0.07836
0.09254
0.10533
0.11513
0.12423
0.13222
0.14107
0.15078
0.15954
0.16864
0.17526
0.18084
0.18651
0.19098
0.19622
0.19837
0.20197
0.20412
0.20438
0.20386
0.20541
0.20343
0.20034
0.20111
0.19708
0.19416
0.19055
0.18625
0.18119
0.17260
0.16796
0.16048
0.15241
0.14476
0.13549
0.12724
0.12037
0.10757
0.09863
0.09133
0.08309
0.07037
0.06101
0.05027
0.04065
0.03026
0.01969
0.00878
-0.00153
-0.01020
-0.02085
-0.03254
-0.04087
-0.05083
-0.05831
-0.06724
-0.07437
-0.08399
-0.09370
-0.09963
-0.10684
-0.11131
-0.11672
-0.12359
-0.12840
-0.13261
-0.13734
-0.14043
-0.14344
-0.14610
-0.14833
-0.14953
-0.15091
-0.15057
-0.15314
-0.15065
-0.14988
-0.14722
-0.14618
-0.14318
-0.14000
-0.13631
-0.13218
-0.12754
-0.12222
-0.11706
-0.11440
-0.10615
-0.10152
-0.09525
-0.08846
-0.08150
-0.07489
-0.06759
-0.05977
-0.05221
-0.04654
-0.03743
-0.02987
-0.02343
-0.01493
-0.00574
0.00131
0.00938
0.01643
0.02313
0.03146
0.03756
0.04555
0.05001
0.05843
0.06290
0.07046
0.07467
0.07974
0.08463
0.09013
0.09614
0.09795
0.10155
0.10568
0.11040
0.11143
0.11358
0.11581
0.11685
0.12071
0.12209
0.12105
0.12080
0.12148
0.12088
0.11977
0.11865
0.11470
0.11478
0.11083
0.11238
0.10576
0.10559
0.10061
0.09674
0.09434
0.09125
0.08480
0.07931
0.07458
0.06917
0.06350
0.05792
0.05216
0.04812
0.04125
0.03481
0.02880
0.02296
0.01608
0.00990
0.00535
-0.00342
-0.00891
-0.01287
-0.02240
-0.02541
-0.03219
-0.04035
-0.04370
-0.04998
-0.05427
-0.06174
-0.06647
-0.07119
-0.07557
-0.07961
-0.08279
-0.08597
-0.09224
-0.09464
-0.09490
-0.09920
-0.10169
-0.10195
-0.10315
-0.10495
-0.10418
-0.10409
-0.10229
-0.10229
-0.10203
-0.10023
-0.09791
-0.09567
-0.09198
-0.09104
-0.08812
-0.08279
-0.07961
-0.07532
-0.06982
-0.06595
-0.06003
-0.05607
-0.04877
-0.04439
-0.03700
-0.03116
-0.02584
-0.01948
-0.01287
-0.00651
-0.00204
0.00629
0.01093
0.01711
0.02588
0.03103
0.03567
0.04056
0.04744
0.05259
0.05628
0.06084
0.06470
0.06883
0.07424
0.07699
0.08077
0.08377
0.08678
0.08807
0.09142
0.09279
0.09348
0.09314
0.09417
0.09425
0.09408
0.09176
0.09236
0.09133
0.08944
0.08781
0.08541
0.08437
0.08111
0.07836
0.07381
0.07063
0.06780
0.06376
0.05817
0.05431
0.04933
0.04374
0.03687
0.03206
0.02845
0.02450
0.02064
0.01351
0.01059
0.00440
0.00002
-0.00642
-0.01063
-0.01587
-0.02017
-0.02506
-0.02713
-0.03176
-0.03443
-0.03950
-0.04302
-0.04697
-0.04757
-0.05307
-0.05212
-0.05590
-0.05711
-0.05762
-0.05934
-0.06312
-0.06209
-0.06217
-0.06192
-0.06243
-0.06192
-0.06071
-0.06028
-0.05857
-0.05736
-0.05513
-0.05298
-0.05178
-0.04860
-0.04740
-0.04327
-0.04061
-0.03924
-0.03443
-0.03091
-0.02721
-0.02609
-0.02395
-0.01811
-0.01579
-0.01149
-0.01046
-0.00393
-0.00359
0.00285
0.00535
0.00595
0.01127
0.01394
0.01497
0.01789
0.02270
0.02493
0.02802
0.02905
0.03077
0.03386
0.03558
0.03859
0.03996
0.04031
0.04065
0.04349
0.04340
0.04383
0.04641
0.04589
0.04761
0.04443
0.04538
0.04675
0.04409
0.04512
0.04383
0.04022
0.04280
0.04160
0.04211
0.03953
0.03790
0.03575
0.03507
0.03189
0.03060
0.02871
0.02734
0.02562
0.02416
0.02167
0.01806
0.01729
0.01428
0.01248
0.00964
0.00973
0.00706
0.00371
0.00260
0.00062
-0.00127
-0.00230
-0.00556
-0.00548
-0.00934
-0.01115
-0.01175
-0.01235
-0.01364
-0.01304
-0.01613
-0.01785
-0.01656
-0.01948
-0.02068
-0.02146
-0.02369
-0.02386
-0.02455
-0.02386
-0.02541
-0.02360
-0.02532
-0.02524
-0.02635
-0.02730
-0.02541
-0.02695
-0.02549
-0.02369
-0.02506
-0.02446
-0.02360
-0.02292
-0.02343
-0.02051
-0.02154
-0.02171
-0.02111
-0.01896
-0.01665
-0.01656
-0.01561
-0.01433
-0.01141
-0.01046
-0.00969
-0.00995
-0.00745
-0.00711
-0.00522
-0.00505
-0.00178
-0.00247
-0.00041
0.00053
0.00157
0.00139
0.00431
0.00672
0.00655
0.00947
0.01230
0.01282
0.01565
0.01479
0.01617
0.01797
0.02021
0.02098
0.02399
0.02459
0.02433
0.02691
0.02837
0.03034
0.02948
0.03069
0.03155
0.03223
0.03421
0.03558
0.03567
0.03464
0.03601
0.03404
0.03507
0.03575
0.03833
0.03515
0.03361
0.03721
0.03481
0.03532
0.03026
0.03137
0.03112
0.03206
0.02957
0.02631
0.02510
0.02510
0.02416
0.01943
0.01892
0.01763
0.01660
0.01479
0.01385
0.00844
0.00749
0.00861
0.00277
0.00157
0.00019
-0.00084
-0.00067
-0.00367
-0.00728
-0.01080
-0.01175
-0.01020
-0.01287
-0.01622
-0.01561
-0.01879
-0.01888
-0.02085
-0.02257
-0.02266
-0.02343
-0.02309
-0.02541
-0.02592
-0.02489
-0.02652
-0.02704
-0.02695
-0.02618
-0.02833
-0.02781
-0.02747
-0.02592
-0.02592
-0.02609
-0.02515
-0.02352
-0.02257
-0.02274
-0.02171
-0.02000
-0.01914
-0.01733
-0.01836
-0.01536
-0.01433
-0.01364
-0.01175
-0.00797
-0.00668
-0.00565
-0.00608
-0.00196
-0.00170
-0.00058
0.00217
0.00285
0.00388
0.00724
0.00663
0.01101
0.01153
0.01385
0.01282
0.01454
0.01565
0.01754
0.02029
0.01806
0.01892
0.02064
0.02218
0.02244
0.02304
0.02433
0.02553
0.02588
0.02536
0.02759
0.02768
0.02734
0.02777
0.02708
0.02622
0.02931
0.02777
0.03060
0.02948
0.02931
0.02983
0.02880
0.02811
0.03172
0.02734
0.02785
0.02562
0.02648
0.02510
0.02347
0.02493
0.02201
0.02158
0.02098
0.01918
0.01883
0.01694
0.01419
0.01419
0.01342
0.01101
0.00912
0.00870
0.00655
0.00431
0.00371
0.00191
0.00122
0.00011
-0.00324
-0.00428
-0.00496
-0.00943
-0.00960
-0.00866
-0.01020
-0.01201
-0.01501
-0.01493
-0.01665
-0.01871
-0.01957
-0.01896
-0.01802
-0.02000
-0.01957
-0.02094
-0.01896
-0.02214
-0.02068
-0.01931
-0.02034
-0.02111
-0.02223
-0.02292
-0.02017
-0.02103
-0.02000
-0.01776
-0.01750
-0.01665
-0.01501
-0.01364
-0.01149
-0.01098
-0.00917
-0.00866
-0.00883
-0.00479
-0.00513
-0.00410
-0.00204
-0.00144
0.00002
0.00217
0.00311
0.00371
0.00577
0.00766
0.00715
0.00904
0.01144
0.01033
0.01411
0.01505
0.01445
0.01703
0.01668
0.01806
0.01926
0.02107
0.02244
0.02141
0.02141
0.02175
0.02167
0.02287
0.02553
0.02579
0.02631
0.02416
0.02467
0.02536
0.02493
0.02467
0.02450
0.02442
0.02338
0.02407
0.02055
0.02141
0.01969
0.01900
0.01969
0.01763
0.01892
0.01832
0.01763
0.01677
0.01411
0.01342
0.01059
0.01076
0.01101
0.01084
0.00801
0.00715
0.00681
0.00758
0.00586
0.00595
0.00449
0.00337
0.00423
0.00423
0.00500
0.00449
0.00492
0.00895
0.00689
0.00938
0.01127
0.01153
0.01333
0.01772
0.01960
0.01995
0.02493
0.02613
0.02897
0.03189
0.03524
0.03790
0.03910
0.04366
0.04357
0.04727
0.04752
0.04847
0.05173
0.05165
0.05311
0.05251
0.04967
0.04769
0.04460
0.04039
0.03704
0.03017
0.02124
0.01557
0.00603
-0.00505
-0.01785
-0.02987
-0.04156
-0.05977
-0.07343
-0.09026
-0.10822
-0.12557
-0.14515
-0.16483
-0.18432
-0.20554
-0.22461
-0.24480
-0.26215
-0.28191
-0.30029
-0.31739
-0.33439
-0.34951
-0.36437
-0.37451
-0.38250
-0.38989
-0.39401
-0.39478
-0.39272
-0.38697
-0.37941
-0.36850
-0.35295
-0.33465
-0.31421
-0.28723
-0.25983
-0.22831
-0.19077
-0.14928
-0.10641
-0.05908
-0.01115
0.03953
0.09382
0.14880
0.20678
0.26528
0.32413
0.38314
0.44525
0.50263
0.56267
0.61963
0.67383
0.72649
0.77768
0.82450
0.87054
0.90868
0.94476
0.97345
0.99974
1.01907
1.03255
1.04046
1.04321
1.03840
1.02860
1.01237
0.98849
0.95799
0.92389
0.88266
0.83472
0.77829
0.71790
0.65691
0.58501
0.50778
0.43081
0.34835
0.26296
0.17397
0.08386
-0.00685
-0.09980
-0.19652
-0.28775
-0.38396
-0.47510
-0.56830
-0.65644
-0.74655
-0.83365
-0.91870
-0.99575
-1.06791
-1.13216
-1.19221
-1.24796
-1.29718
-1.34219
-1.37938
-1.41074
-1.43462
-1.45283
-1.46022
-1.46099
-1.45326
-1.44123
-1.41890
-1.39004
-1.35370
-1.31247
-1.26213
-1.20681
-1.14565
-1.07830
-1.00408
-0.92763
-0.84319
-0.75909
-0.66958
-0.57561
-0.48283
-0.38482
-0.28784
-0.18407
-0.08708
0.01144
0.10817
0.20438
0.30033
0.39156
0.48253
0.56559
0.64729
0.72666
0.79813
0.86874
0.93102
0.99003
1.04535
1.09251
1.13332
1.16845
1.19680
1.22025
1.23640
1.24963
1.25719
1.25555
1.25031
1.23734
1.21965
1.19714
1.17146
1.13984
1.10428
1.06339
1.01864
0.97380
0.92234
0.87003
0.81540
0.75930
0.69848
0.63921
0.57839
0.51414
0.45040
0.38726
0.32584
0.26339
0.20017
0.13643
0.07853
0.02141
-0.03254
-0.08923
-0.13888
-0.18914
-0.23569
-0.28011
-0.32297
-0.36352
-0.39916
-0.43335
-0.46239
-0.49314
-0.51745
-0.54064
-0.56066
-0.57921
-0.59365
-0.60412
-0.61211
-0.62173
-0.62302
-0.62526
-0.62569
-0.62182
-0.61624
-0.61280
-0.60378
-0.59536
-0.58359
-0.57346
-0.55757
-0.54073
-0.52690
-0.50903
-0.49005
-0.47270
-0.45156
-0.43215
-0.41299
-0.39006
-0.37116
-0.35063
-0.32958
-0.30673
-0.28715
-0.26550
-0.24566
-0.22453
-0.20125
-0.18372
-0.16173
-0.14052
-0.12419
-0.10212
-0.08279
-0.06449
-0.04594
-0.02927
-0.01037
0.00681
0.02484
0.04374
0.06161
0.07810
0.09597
0.11100
0.12690
0.14425
0.16332
0.17826
0.19553
0.20979
0.22405
0.23797
0.25497
0.26906
0.28049
0.29483
0.30995
0.32198
0.33392
0.34440
0.35548
0.36501
0.37378
0.38374
0.39147
0.39577
0.40230
0.40814
0.41200
0.41424
0.41484
0.41518
0.41183
0.40960
0.40788
0.40178
0.39474
0.38649
0.37799
0.36622
0.35445
0.34096
0.32713
0.31055
0.29535
0.27611
0.25523
0.23599
0.21469
0.19184
0.16761
0.14356
0.11788
0.09185
0.06453
0.03885
0.01136
-0.01708
-0.04310
-0.07119
-0.10031
-0.12643
-0.15692
-0.18286
-0.21035
-0.23466
-0.25975
-0.28569
-0.31069
-0.33233
-0.35183
-0.37262
-0.38903
-0.40707
-0.42545
-0.43653
-0.45010
-0.46153
-0.47020
-0.47596
-0.48343
-0.48489
-0.48721
-0.48687
-0.48489
-0.48008
-0.47278
-0.46488
-0.45560
-0.44400
-0.43078
-0.41445
-0.39848
-0.37889
-0.36059
-0.34187
-0.31919
-0.29488
-0.26997
-0.24428
-0.21851
-0.19171
-0.16483
-0.13656
-0.10839
-0.08064
-0.05169
-0.02352
0.00766
0.03653
0.06247
0.08927
0.11685
0.14287
0.16864
0.19338
0.21744
0.24140
0.26253
0.28160
0.30291
0.32129
0.33598
0.34921
0.36622
0.37653
0.38735
0.39482
0.40298
0.40908
0.41595
0.41647
0.41870
0.41965
0.41724
0.41604
0.40934
0.40599
0.39723
0.38804
0.37945
0.36725
0.35591
0.34388
0.32937
0.31485
0.29801
0.28349
0.26494
0.24742
0.22869
0.20859
0.19132
0.17053
0.15086
0.13016
0.10868
0.08790
0.06857
0.04606
0.02734
0.00500
-0.01226
-0.03322
-0.05427
-0.07222
-0.08880
-0.10985
-0.12686
-0.14344
-0.16233
-0.17677
-0.19025
-0.20494
-0.21886
-0.23157
-0.24420
-0.25270
-0.26353
-0.27083
-0.28079
-0.28689
-0.28973
-0.29436
-0.29771
-0.29995
-0.30149
-0.29960
-0.29875
-0.29823
-0.29462
-0.28766
-0.28225
-0.27736
-0.27177
-0.26361
-0.25133
-0.24050
-0.23011
-0.21912
-0.20589
-0.19480
-0.17960
-0.16646
-0.15022
-0.13536
-0.11913
-0.10504
-0.08880
-0.07111
-0.05642
-0.03915
-0.02171
-0.00479
0.01059
0.02837
0.04263
0.05809
0.07261
0.08867
0.10267
0.11719
0.12861
0.14158
0.15378
0.16564
0.17423
0.18505
0.19467
0.20438
0.21142
0.21683
0.22207
0.22972
0.23075
0.23582
0.23702
0.23857
0.23831
0.23822
0.23711
0.23539
0.23066
0.22611
0.22036
0.21640
0.21013
0.20197
0.19381
0.18789
0.17595
0.16821
0.15627
0.14786
0.13841
0.12793
0.11521
0.10319
0.09099
0.07690
0.06702
0.05044
0.03979
0.02691
0.01359
0.00200
-0.01098
-0.02481
-0.03889
-0.04955
-0.06389
-0.07497
-0.08700
-0.09559
-0.10796
-0.11810
-0.12746
-0.13725
-0.14335
-0.15477
-0.16190
-0.16861
-0.17694
-0.18149
-0.18768
-0.19103
-0.19317
-0.19781
-0.20030
-0.20108
-0.20211
-0.20219
-0.20245
-0.20030
-0.19816
-0.19455
-0.19017
-0.18553
-0.18209
-0.17900
-0.17007
-0.16371
-0.15563
-0.14696
-0.13957
-0.12986
-0.12033
-0.11002
-0.09920
-0.08837
-0.07953
-0.06759
-0.05693
-0.04663
-0.03322
-0.02128
-0.00900
0.00285
0.01497
0.02467
0.03816
0.04950
0.05903
0.07029
0.08017
0.09107
0.10164
0.10886
0.11882
0.12775
0.13600
0.14373
0.15043
0.15421
0.16212
0.16632
0.17113
0.17311
0.17766
0.17998
0.17955
0.18290
0.18007
0.18299
0.18093
0.17964
0.17706
0.17423
0.16993
0.16650
0.15980
0.15825
0.14992
0.14116
0.13445
0.12913
0.12045
0.11324
0.10490
0.09554
0.08781
0.07682
0.06745
0.05792
0.04941
0.04005
0.02948
0.01952
0.00732
-0.00067
-0.00995
-0.02034
-0.02781
-0.03709
-0.04714
-0.05470
-0.06381
-0.07214
-0.07910
-0.08451
-0.09181
-0.09765
-0.10341
-0.10770
-0.11337
-0.11741
-0.12076
-0.12291
-0.12694
-0.12806
-0.13381
-0.13253
-0.13270
-0.13476
-0.13373
-0.13296
-0.12978
-0.12772
-0.12617
-0.12488
-0.11835
-0.11621
-0.11328
-0.10822
-0.10160
-0.09774
-0.09387
-0.08854
-0.08296
-0.07566
-0.06930
-0.06303
-0.05891
-0.05109
-0.04413
-0.03907
-0.03185
-0.02609
-0.01811
-0.01158
-0.00599
0.00380
0.00870
0.01660
0.02218
0.02639
0.03472
0.03928
0.04400
0.04752
0.05208
0.05697
0.06445
0.06805
0.07132
0.07561
0.07896
0.08283
0.08626
0.08901
0.09022
0.09279
0.09640
0.09631
0.09743
0.09631
0.09820
0.09855
0.09855
0.09898
0.09803
0.09735
0.09726
0.09597
0.09271
0.09193
0.08893
0.08532
0.08472
0.08137
0.07991
0.07613
0.07355
0.07029
0.06625
0.05895
0.05534
0.05130
0.04795
0.04263
0.03816
0.03318
0.03051
0.02493
0.01857
0.01290
0.00887
0.00474
-0.00015
-0.00728
-0.01029
-0.01544
-0.02077
-0.02481
-0.03048
-0.03494
-0.03950
-0.04379
-0.04843
-0.05307
-0.05461
-0.05839
-0.06209
-0.06432
-0.06604
-0.07102
-0.07214
-0.07308
-0.07514
-0.07815
-0.07824
-0.08116
-0.08056
-0.07953
-0.07953
-0.08038
-0.08116
-0.07987
-0.07772
-0.07575
-0.07480
-0.07420
-0.07231
-0.06767
-0.06578
-0.06484
-0.06063
-0.05625
-0.05333
-0.04903
-0.04585
-0.04345
-0.03683
-0.03348
-0.02919
-0.02489
-0.02077
-0.01716
-0.00969
-0.00720
-0.00299
0.00191
0.00552
0.00990
0.01419
0.01840
0.02218
0.02931
0.03206
0.03404
0.03696
0.04117
0.04340
0.04692
0.05010
0.05371
0.05577
0.05809
0.05955
0.06084
0.06470
0.06487
0.06642
0.06831
0.06625
0.06728
0.06719
0.06771
0.06616
0.06745
0.06496
0.06651
0.06264
0.06101
0.06041
0.05912
0.05654
0.05586
0.05053
0.04821
0.04632
0.04495
0.04082
0.03541
0.03292
0.03129
0.02699
0.02304
0.02158
0.01729
0.01282
0.00947
0.00638
0.00397
-0.00093
-0.00316
-0.00763
-0.01046
-0.01424
-0.01596
-0.01836
-0.02214
-0.02420
-0.02670
-0.02816
-0.03099
-0.03365
-0.03434
-0.03709
-0.03666
-0.04018
-0.04035
-0.04078
-0.04070
-0.04310
-0.04250
-0.04259
-0.04199
-0.04242
-0.04173
-0.04096
-0.03932
-0.04035
-0.03786
-0.03718
-0.03529
-0.03426
-0.03159
-0.02987
-0.02850
-0.02695
-0.02223
-0.02146
-0.01656
-0.01544
-0.01424
-0.01218
-0.01141
-0.00582
-0.00574
-0.00385
-0.00050
0.00380
0.00414
0.00732
0.00835
0.01170
0.01205
0.01514
0.01823
0.01857
0.02124
0.02029
0.02253
0.02502
0.02467
0.02854
0.02794
0.02923
0.02923
0.03180
0.03094
0.03292
0.03172
0.03206
0.03455
0.03309
0.03215
0.03232
0.03343
0.03232
0.03129
0.03215
0.03137
0.03077
0.03017
0.02768
0.02794
0.02725
0.02665
0.02570
0.02459
0.02433
0.02175
0.02064
0.01617
0.01651
0.01436
0.01557
0.01256
0.01248
0.00870
0.00870
0.00689
0.00775
0.00268
0.00320
0.00165
0.00053
-0.00333
-0.00178
-0.00539
-0.00608
-0.00900
-0.00848
-0.01046
-0.01166
-0.01261
-0.01046
-0.01450
-0.01484
-0.01544
-0.01656
-0.01776
-0.01733
-0.01785
-0.02068
-0.02043
-0.02137
-0.02068
-0.02257
-0.02249
-0.02309
-0.02257
-0.02171
-0.02283
-0.02292
-0.02300
-0.02326
-0.02060
-0.02163
-0.02223
-0.02180
-0.01879
-0.02068
-0.01871
-0.02043
-0.01768
-0.01639
-0.01536
-0.01372
-0.01441
-0.01398
-0.01149
-0.01046
-0.00952
-0.00728
-0.00608
-0.00531
-0.00316
-0.00479
-0.00075
-0.00161
0.00225
0.00363
0.00406
0.00689
0.00930
0.00818
0.01119
0.01316
0.01359
0.01729
0.01866
0.01746
0.01918
0.01986
0.01943
0.02476
0.02605
0.02527
0.02605
0.02923
0.02966
0.02854
0.02940
0.03000
0.03266
0.03223
0.03352
0.03223
0.03258
0.03206
0.03335
0.03240
0.03129
0.02983
0.03155
0.03240
0.03069
0.02819
0.02888
0.02759
0.02639
0.02562
0.02244
0.02218
0.02184
0.01926
0.01729
0.01746
0.01583
0.01351
0.01213
0.01059
0.00749
0.00801
0.00706
0.00294
0.00285
-0.00007
0.00011
-0.00239
-0.00316
-0.00445
-0.00488
-0.00496
-0.00840
-0.00806
-0.01072
-0.01141
-0.01261
-0.01398
-0.01622
-0.01527
-0.01476
-0.01501
-0.01553
-0.01750
-0.01828
-0.01888
-0.01948
-0.01785
-0.01982
-0.02068
-0.01768
-0.01939
-0.01828
-0.01905
-0.01922
-0.01888
-0.01673
-0.01854
-0.01828
-0.01785
-0.01733
-0.01630
-0.01527
-0.01656
-0.01458
-0.01433
-0.01338
-0.01201
-0.01261
-0.01166
-0.01037
-0.00840
-0.00797
-0.00771
-0.00745
-0.00582
-0.00333
-0.00428
-0.00264
0.00088
0.00174
0.00122
0.00311
0.00500
0.00672
0.00809
0.00870
0.00801
0.00878
0.01007
0.01144
0.01333
0.01471
0.01557
0.01583
0.01763
0.01926
0.01772
0.01840
0.01866
0.01883
0.02201
0.02072
0.02158
0.02210
0.02124
0.02149
0.02167
0.02227
0.02038
0.02149
0.01978
0.02210
0.02072
0.01986
0.01935
0.01900
0.01883
0.01909
0.01823
0.01814
0.01729
0.01583
0.01522
0.01385
0.01308
0.01359
0.01196
0.01187
0.01196
0.00964
0.00844
0.01076
0.00758
0.00758
0.00655
0.00689
0.00517
0.00500
0.00612
0.00492
0.00328
0.00105
0.00139
0.00036
0.00053
0.00002
-0.00230
-0.00247
-0.00178
-0.00488
-0.00333
-0.00385
-0.00376
-0.00513
-0.00660
-0.00582
-0.00642
-0.00677
-0.00823
-0.00883
-0.00900
-0.01037
-0.01012
-0.00995
-0.00883
-0.00857
-0.01003
-0.01330
-0.01037
-0.01115
-0.01037
-0.00891
-0.01055
-0.01055
-0.00831
-0.00728
-0.00702
-0.00926
-0.00797
-0.00857
-0.00685
-0.00488
-0.00419
-0.00299
-0.00204
-0.00359
0.00131
-0.00050
0.00285
0.00406
0.00242
0.00157
0.00517
0.00449
0.00749
0.00663
0.00809
0.01101
0.01144
0.01205
0.01222
0.01342
0.01359
0.01497
0.01290
0.01394
0.01540
0.01436
0.01840
0.01514
0.01557
0.01531
0.01711
0.01668
0.01625
0.01617
0.01617
0.01497
0.01488
0.01394
0.01368
0.01351
0.01342
0.01084
0.01084
0.00973
0.01007
0.00809
0.00930
0.00861
0.00474
0.00457
0.00638
0.00457
0.00225
0.00182
0.00045
0.00139
0.00122
0.00088
0.00036
0.00045
0.00028
-0.00282
-0.00204
-0.00118
0.00002
-0.00144
-0.00084
-0.00067
0.00028
0.00174
-0.00084
0.00182
0.00165
0.00096
0.00595
0.00638
0.00449
0.00689
0.00758
0.00955
0.01076
0.01351
0.01179
0.01479
0.01471
0.01462
0.01531
0.01531
0.01763
0.01737
0.01462
0.01428
0.01368
0.01205
0.01101
0.00724
0.00629
0.00363
0.00028
-0.00359
-0.00625
-0.01106
-0.01415
-0.02197
-0.02558
-0.03151
-0.03597
-0.04233
-0.04843
-0.05393
-0.05934
-0.06492
-0.07154
-0.07652
